8.230000000000000000e+02 4.051000000000000000e+03
1.146000000000000000e+03 1.120000000000000000e+04
1.180000000000000000e+03 5.525000000000000000e+03
8.300000000000000000e+02 5.354000000000000000e+03
1.171000000000000000e+03 2.869200000000000000e+04
9.700000000000000000e+02 4.322000000000000000e+03
1.215000000000000000e+03 1.976100000000000000e+04
1.177000000000000000e+03 1.181000000000000000e+03
9.990000000000000000e+02 1.100000000000000000e+03
1.036000000000000000e+03 7.195000000000000000e+03
1.023000000000000000e+03 3.310000000000000000e+02
9.500000000000000000e+02 1.988000000000000000e+03
1.040000000000000000e+03 4.110000000000000000e+02
1.058000000000000000e+03 1.472000000000000000e+03
1.070000000000000000e+03 2.610000000000000000e+03
1.028000000000000000e+03 5.536000000000000000e+03
9.240000000000000000e+02 1.854000000000000000e+03
1.153000000000000000e+03 2.995000000000000000e+03
1.064000000000000000e+03 1.104800000000000000e+04
1.100000000000000000e+03 1.269000000000000000e+03
9.700000000000000000e+02 1.600000000000000000e+02
8.820000000000000000e+02 8.630000000000000000e+02
9.900000000000000000e+02 1.620800000000000000e+04
9.370000000000000000e+02 2.584000000000000000e+03
1.008000000000000000e+03 3.400000000000000000e+02
1.108000000000000000e+03 3.848000000000000000e+04
1.106000000000000000e+03 3.139900000000000000e+04
1.126000000000000000e+03 1.802000000000000000e+03
1.050000000000000000e+03 2.201100000000000000e+04
1.020000000000000000e+03 3.350000000000000000e+02
1.094000000000000000e+03 5.400000000000000000e+02
1.045000000000000000e+03 4.910000000000000000e+02
1.077000000000000000e+03 8.504000000000000000e+03
1.142000000000000000e+03 5.700000000000000000e+02
1.156000000000000000e+03 2.077600000000000000e+04
8.420000000000000000e+02 2.503000000000000000e+03
1.088000000000000000e+03 9.325000000000000000e+03
1.008000000000000000e+03 8.734000000000000000e+03
9.700000000000000000e+02 9.180000000000000000e+02
1.070000000000000000e+03 9.261000000000000000e+03
9.740000000000000000e+02 7.690000000000000000e+02
1.139000000000000000e+03 4.428000000000000000e+03
1.011000000000000000e+03 3.190000000000000000e+03
1.267000000000000000e+03 1.428000000000000000e+03
1.144000000000000000e+03 1.770000000000000000e+03
1.090000000000000000e+03 1.513000000000000000e+03
1.057000000000000000e+03 5.680000000000000000e+02
9.300000000000000000e+02 2.077000000000000000e+03
1.001000000000000000e+03 5.010000000000000000e+02
9.890000000000000000e+02 2.640000000000000000e+03
1.028000000000000000e+03 6.508000000000000000e+03
1.098000000000000000e+03 6.543000000000000000e+03
1.123000000000000000e+03 4.324000000000000000e+03
9.840000000000000000e+02 5.797000000000000000e+03
1.534000000000000000e+03 9.770000000000000000e+02
1.108000000000000000e+03 2.882000000000000000e+03
1.242000000000000000e+03 1.866400000000000000e+04
9.010000000000000000e+02 7.226000000000000000e+03
9.170000000000000000e+02 7.751000000000000000e+03
8.880000000000000000e+02 1.588700000000000000e+04
1.070000000000000000e+03 2.085700000000000000e+04
1.014000000000000000e+03 1.510600000000000000e+04
8.450000000000000000e+02 1.189400000000000000e+04
9.200000000000000000e+02 1.991100000000000000e+04
1.021000000000000000e+03 3.300000000000000000e+04
9.100000000000000000e+02 1.207900000000000000e+04
1.012000000000000000e+03 3.044000000000000000e+04
8.710000000000000000e+02 1.952500000000000000e+04
9.180000000000000000e+02 3.358100000000000000e+04
9.450000000000000000e+02 2.599100000000000000e+04
1.350000000000000000e+03 2.595100000000000000e+04
1.192000000000000000e+03 2.648300000000000000e+04
1.122000000000000000e+03 2.351700000000000000e+04
1.289000000000000000e+03 2.866700000000000000e+04
1.078000000000000000e+03 1.861200000000000000e+04
1.276000000000000000e+03 2.379200000000000000e+04
1.212000000000000000e+03 1.936200000000000000e+04
1.087000000000000000e+03 1.569500000000000000e+04
1.080000000000000000e+03 1.044000000000000000e+03
1.208000000000000000e+03 5.940000000000000000e+03
7.350000000000000000e+02 8.300000000000000000e+01
1.020000000000000000e+03 1.916000000000000000e+03
9.860000000000000000e+02 8.890000000000000000e+02
1.397000000000000000e+03 1.311000000000000000e+03
1.057000000000000000e+03 1.567000000000000000e+03
9.790000000000000000e+02 2.496000000000000000e+03
1.483000000000000000e+03 8.030000000000000000e+02
9.100000000000000000e+02 8.000000000000000000e+02
1.008000000000000000e+03 7.748000000000000000e+03
9.300000000000000000e+02 4.750000000000000000e+02
1.035000000000000000e+03 5.128000000000000000e+03
9.260000000000000000e+02 2.060000000000000000e+03
1.104000000000000000e+03 1.112000000000000000e+03
1.202000000000000000e+03 6.087000000000000000e+03
1.001000000000000000e+03 7.420000000000000000e+02
1.151000000000000000e+03 9.740000000000000000e+02
1.391000000000000000e+03 2.200000000000000000e+01
9.280000000000000000e+02 2.617000000000000000e+03
9.720000000000000000e+02 1.209000000000000000e+03
1.303000000000000000e+03 2.101000000000000000e+03
1.002000000000000000e+03 1.029000000000000000e+03
9.510000000000000000e+02 8.720000000000000000e+02
1.017000000000000000e+03 1.601000000000000000e+03
1.172000000000000000e+03 3.869000000000000000e+03
1.235000000000000000e+03 3.516000000000000000e+03
1.155000000000000000e+03 2.543000000000000000e+03
1.454000000000000000e+03 1.587000000000000000e+03
1.135000000000000000e+03 3.462000000000000000e+03
1.084000000000000000e+03 2.662500000000000000e+04
1.228000000000000000e+03 5.573000000000000000e+03
1.061000000000000000e+03 4.680000000000000000e+02
9.980000000000000000e+02 2.527100000000000000e+04
1.161000000000000000e+03 6.308000000000000000e+03
1.039000000000000000e+03 1.029000000000000000e+03
1.030000000000000000e+03 2.572300000000000000e+04
1.294000000000000000e+03 5.404000000000000000e+03
1.364000000000000000e+03 9.800000000000000000e+02
1.030000000000000000e+03 1.024000000000000000e+03
1.115000000000000000e+03 3.039000000000000000e+03
1.006000000000000000e+03 8.321000000000000000e+03
9.800000000000000000e+02 2.057000000000000000e+03
1.137000000000000000e+03 2.370000000000000000e+02
1.380000000000000000e+03 1.808700000000000000e+04
1.243000000000000000e+03 3.660000000000000000e+02
1.193000000000000000e+03 1.295000000000000000e+03
1.043000000000000000e+03 1.651000000000000000e+03
9.870000000000000000e+02 1.353000000000000000e+03
9.390000000000000000e+02 2.227000000000000000e+03
1.073000000000000000e+03 1.047000000000000000e+04
1.068000000000000000e+03 8.888000000000000000e+03
1.192000000000000000e+03 2.546100000000000000e+04
1.323000000000000000e+03 2.025000000000000000e+03
1.298000000000000000e+03 4.197000000000000000e+03
1.127000000000000000e+03 2.248200000000000000e+04
1.231000000000000000e+03 5.505000000000000000e+03
1.049000000000000000e+03 3.859000000000000000e+03
9.720000000000000000e+02 8.733000000000000000e+03
9.730000000000000000e+02 2.169600000000000000e+04
1.029000000000000000e+03 9.525000000000000000e+03
1.087000000000000000e+03 4.930000000000000000e+03
9.670000000000000000e+02 4.375000000000000000e+03
1.005000000000000000e+03 1.956000000000000000e+03
8.300000000000000000e+02 1.278000000000000000e+03
9.230000000000000000e+02 2.835000000000000000e+03
1.006000000000000000e+03 9.512000000000000000e+03
1.215000000000000000e+03 1.768400000000000000e+04
1.017000000000000000e+03 4.920000000000000000e+03
1.053000000000000000e+03 5.026000000000000000e+03
1.034000000000000000e+03 4.759000000000000000e+03
8.650000000000000000e+02 6.616000000000000000e+03
1.102000000000000000e+03 6.486000000000000000e+03
9.500000000000000000e+02 9.710000000000000000e+02
9.210000000000000000e+02 8.257000000000000000e+03
1.240000000000000000e+03 2.239000000000000000e+03
1.387000000000000000e+03 2.888000000000000000e+03
1.497000000000000000e+03 5.422000000000000000e+03
8.900000000000000000e+02 3.719000000000000000e+03
1.178000000000000000e+03 1.772900000000000000e+04
8.410000000000000000e+02 1.481000000000000000e+03
1.258000000000000000e+03 6.829000000000000000e+03
1.118000000000000000e+03 3.641000000000000000e+03
8.410000000000000000e+02 1.053000000000000000e+03
1.297000000000000000e+03 1.012100000000000000e+04
1.398000000000000000e+03 7.261000000000000000e+03
1.081000000000000000e+03 6.855000000000000000e+03
1.062000000000000000e+03 4.990000000000000000e+02
9.300000000000000000e+02 4.284000000000000000e+03
8.120000000000000000e+02 3.723000000000000000e+03
9.400000000000000000e+02 1.732000000000000000e+03
9.700000000000000000e+02 2.990000000000000000e+02
1.175000000000000000e+03 5.091900000000000000e+04
1.026000000000000000e+03 4.910000000000000000e+02
1.138000000000000000e+03 2.163000000000000000e+03
8.020000000000000000e+02 8.620000000000000000e+02
1.126000000000000000e+03 4.666000000000000000e+03
9.470000000000000000e+02 8.825000000000000000e+03
1.039000000000000000e+03 2.468500000000000000e+04
1.096000000000000000e+03 2.839000000000000000e+03
1.060000000000000000e+03 5.580000000000000000e+02
8.840000000000000000e+02 2.064000000000000000e+03
1.153000000000000000e+03 3.191000000000000000e+03
1.154000000000000000e+03 3.823400000000000000e+04
1.102000000000000000e+03 2.379000000000000000e+03
1.212000000000000000e+03 3.208600000000000000e+04
1.272000000000000000e+03 3.234600000000000000e+04
1.010000000000000000e+03 3.360000000000000000e+03
1.049000000000000000e+03 2.570000000000000000e+02
1.332000000000000000e+03 1.124600000000000000e+04
1.143000000000000000e+03 1.400600000000000000e+04
9.810000000000000000e+02 6.090000000000000000e+02
1.084000000000000000e+03 5.053000000000000000e+03
1.061000000000000000e+03 2.501000000000000000e+03
1.199000000000000000e+03 2.608000000000000000e+03
1.154000000000000000e+03 3.037600000000000000e+04
9.040000000000000000e+02 1.035000000000000000e+03
1.168000000000000000e+03 2.711000000000000000e+03
9.550000000000000000e+02 2.633000000000000000e+03
1.075000000000000000e+03 6.476000000000000000e+03
8.630000000000000000e+02 2.890000000000000000e+02
9.080000000000000000e+02 1.023000000000000000e+03
9.410000000000000000e+02 6.620000000000000000e+02
1.062000000000000000e+03 9.906000000000000000e+03
8.970000000000000000e+02 3.194000000000000000e+03
8.870000000000000000e+02 3.566000000000000000e+03
8.250000000000000000e+02 3.110000000000000000e+02
9.970000000000000000e+02 6.206000000000000000e+03
9.460000000000000000e+02 1.354000000000000000e+03
8.800000000000000000e+02 2.629000000000000000e+03
1.186000000000000000e+03 2.122000000000000000e+03
9.570000000000000000e+02 1.683000000000000000e+03
8.960000000000000000e+02 5.430000000000000000e+02
9.400000000000000000e+02 2.855000000000000000e+03
9.390000000000000000e+02 6.445000000000000000e+03
9.840000000000000000e+02 6.849000000000000000e+03
1.173000000000000000e+03 1.063000000000000000e+03
9.350000000000000000e+02 7.090000000000000000e+02
1.363000000000000000e+03 7.705000000000000000e+03
8.300000000000000000e+02 2.805000000000000000e+03
1.352000000000000000e+03 1.397500000000000000e+04
9.500000000000000000e+02 2.598000000000000000e+03
1.126000000000000000e+03 5.636000000000000000e+03
1.094000000000000000e+03 1.710300000000000000e+04
1.060000000000000000e+03 2.412800000000000000e+04
1.247000000000000000e+03 2.612000000000000000e+04
8.400000000000000000e+02 4.031000000000000000e+03
1.068000000000000000e+03 2.221100000000000000e+04
9.950000000000000000e+02 8.540000000000000000e+02
1.171000000000000000e+03 4.304000000000000000e+03
9.900000000000000000e+02 2.161000000000000000e+03
1.131000000000000000e+03 1.020000000000000000e+03
7.780000000000000000e+02 9.210000000000000000e+02
1.001000000000000000e+03 1.281000000000000000e+03
1.013000000000000000e+03 1.191000000000000000e+03
1.078000000000000000e+03 8.750000000000000000e+03
8.470000000000000000e+02 4.462000000000000000e+03
9.540000000000000000e+02 1.518000000000000000e+03
1.024000000000000000e+03 2.129000000000000000e+03
1.123000000000000000e+03 5.636000000000000000e+03
1.000000000000000000e+03 8.170000000000000000e+02
9.390000000000000000e+02 6.970000000000000000e+02
1.033000000000000000e+03 9.634000000000000000e+03
9.820000000000000000e+02 5.300000000000000000e+02
9.500000000000000000e+02 9.777000000000000000e+03
9.800000000000000000e+02 1.083000000000000000e+03
9.720000000000000000e+02 1.864000000000000000e+03
9.670000000000000000e+02 3.335000000000000000e+03
1.087000000000000000e+03 1.409700000000000000e+04
1.005000000000000000e+03 5.386000000000000000e+03
8.910000000000000000e+02 2.192000000000000000e+03
9.770000000000000000e+02 1.830000000000000000e+02
1.050000000000000000e+03 1.655700000000000000e+04
1.070000000000000000e+03 8.539000000000000000e+03
1.070000000000000000e+03 1.086000000000000000e+03
9.360000000000000000e+02 3.161000000000000000e+03
1.079000000000000000e+03 1.251000000000000000e+03
1.036000000000000000e+03 2.020800000000000000e+04
1.065000000000000000e+03 2.641000000000000000e+03
1.011000000000000000e+03 3.236000000000000000e+03
1.034000000000000000e+03 5.390000000000000000e+02
1.163000000000000000e+03 4.823000000000000000e+03
8.920000000000000000e+02 4.321000000000000000e+03
1.504000000000000000e+03 5.697000000000000000e+03
1.030000000000000000e+03 1.563000000000000000e+03
1.163000000000000000e+03 1.612000000000000000e+04
1.010000000000000000e+03 8.255000000000000000e+03
1.084000000000000000e+03 2.819000000000000000e+03
1.053000000000000000e+03 6.670000000000000000e+02
1.033000000000000000e+03 1.101000000000000000e+03
1.019000000000000000e+03 4.580000000000000000e+02
1.092000000000000000e+03 1.660100000000000000e+04
1.030000000000000000e+03 3.739000000000000000e+03
1.303000000000000000e+03 3.166300000000000000e+04
1.241000000000000000e+03 2.000000000000000000e+03
1.024000000000000000e+03 9.810000000000000000e+02
1.252000000000000000e+03 2.855000000000000000e+03
1.110000000000000000e+03 1.766700000000000000e+04
1.045000000000000000e+03 1.020000000000000000e+03
1.157000000000000000e+03 1.577000000000000000e+03
1.088000000000000000e+03 4.489000000000000000e+03
8.450000000000000000e+02 5.500000000000000000e+01
9.960000000000000000e+02 6.130000000000000000e+02
8.500000000000000000e+02 1.163000000000000000e+03
1.195000000000000000e+03 9.931000000000000000e+03
9.640000000000000000e+02 5.420000000000000000e+02
1.046000000000000000e+03 2.312000000000000000e+03
1.030000000000000000e+03 5.080000000000000000e+02
1.087000000000000000e+03 2.122000000000000000e+03
1.049000000000000000e+03 1.247000000000000000e+03
1.125000000000000000e+03 2.700000000000000000e+03
1.030000000000000000e+03 2.190000000000000000e+03
1.010000000000000000e+03 1.578200000000000000e+04
1.458000000000000000e+03 8.855000000000000000e+03
8.900000000000000000e+02 8.827000000000000000e+03
1.105000000000000000e+03 3.325000000000000000e+03
1.048000000000000000e+03 1.166000000000000000e+03
1.029000000000000000e+03 9.630000000000000000e+02
1.035000000000000000e+03 3.596000000000000000e+03
1.031000000000000000e+03 2.020000000000000000e+03
1.070000000000000000e+03 1.757000000000000000e+03
1.010000000000000000e+03 2.891000000000000000e+03
1.085000000000000000e+03 2.959000000000000000e+03
1.032000000000000000e+03 1.322000000000000000e+04
1.050000000000000000e+03 1.117900000000000000e+04
1.053000000000000000e+03 1.191000000000000000e+03
1.049000000000000000e+03 8.990000000000000000e+02
1.205000000000000000e+03 1.040000000000000000e+02
9.700000000000000000e+02 9.873000000000000000e+03
1.318000000000000000e+03 2.415000000000000000e+03
1.053000000000000000e+03 1.862000000000000000e+03
1.053000000000000000e+03 1.598500000000000000e+04
1.047000000000000000e+03 1.579000000000000000e+03
1.212000000000000000e+03 3.998000000000000000e+03
8.550000000000000000e+02 9.880000000000000000e+02
1.215000000000000000e+03 2.272000000000000000e+03
1.262000000000000000e+03 1.016000000000000000e+03
1.147000000000000000e+03 2.373000000000000000e+03
1.010000000000000000e+03 9.690000000000000000e+02
1.123000000000000000e+03 7.780000000000000000e+02
1.050000000000000000e+03 1.286000000000000000e+03
1.130000000000000000e+03 1.159000000000000000e+03
1.014000000000000000e+03 4.900000000000000000e+02
1.054000000000000000e+03 1.030000000000000000e+03
9.960000000000000000e+02 9.795000000000000000e+03
1.013000000000000000e+03 2.156900000000000000e+04
1.018000000000000000e+03 4.108000000000000000e+03
9.340000000000000000e+02 5.670000000000000000e+03
1.004000000000000000e+03 8.764000000000000000e+03
9.100000000000000000e+02 1.017300000000000000e+04
9.500000000000000000e+02 2.708000000000000000e+03
9.620000000000000000e+02 5.538000000000000000e+03
1.198000000000000000e+03 3.198400000000000000e+04
9.180000000000000000e+02 4.764000000000000000e+03
9.500000000000000000e+02 5.699000000000000000e+03
9.430000000000000000e+02 3.132000000000000000e+03
1.017000000000000000e+03 1.188000000000000000e+03
1.024000000000000000e+03 2.054000000000000000e+03
1.083000000000000000e+03 1.062500000000000000e+04
1.450000000000000000e+03 8.466000000000000000e+03
9.880000000000000000e+02 5.870000000000000000e+02
9.750000000000000000e+02 7.466000000000000000e+03
9.540000000000000000e+02 3.514000000000000000e+03
1.310000000000000000e+03 2.165000000000000000e+03
9.810000000000000000e+02 1.878000000000000000e+03
9.980000000000000000e+02 1.096000000000000000e+03
8.950000000000000000e+02 6.300000000000000000e+02
1.141000000000000000e+03 1.470000000000000000e+03
9.400000000000000000e+02 2.690000000000000000e+02
1.214000000000000000e+03 1.873000000000000000e+03
1.095000000000000000e+03 1.431000000000000000e+03
1.158000000000000000e+03 3.209000000000000000e+03
1.050000000000000000e+03 2.125000000000000000e+03
1.089000000000000000e+03 1.303000000000000000e+03
1.048000000000000000e+03 9.950000000000000000e+02
1.166000000000000000e+03 1.355000000000000000e+03
1.182000000000000000e+03 1.122000000000000000e+03
1.119000000000000000e+03 1.338000000000000000e+03
1.240000000000000000e+03 3.310000000000000000e+03
9.260000000000000000e+02 1.687000000000000000e+03
1.028000000000000000e+03 2.200000000000000000e+02
9.690000000000000000e+02 1.434000000000000000e+03
9.790000000000000000e+02 2.079000000000000000e+03
1.357000000000000000e+03 1.661000000000000000e+03
1.145000000000000000e+03 2.711200000000000000e+04
1.005000000000000000e+03 5.780000000000000000e+02
1.208000000000000000e+03 2.131400000000000000e+04
1.088000000000000000e+03 1.521000000000000000e+03
1.175000000000000000e+03 2.388000000000000000e+03
1.050000000000000000e+03 1.267000000000000000e+03
1.010000000000000000e+03 1.454000000000000000e+03
1.030000000000000000e+03 1.017000000000000000e+04
1.095000000000000000e+03 1.147000000000000000e+03
1.050000000000000000e+03 2.716000000000000000e+03
1.030000000000000000e+03 1.840000000000000000e+02
1.105000000000000000e+03 1.687000000000000000e+03
1.010000000000000000e+03 4.513000000000000000e+03
9.800000000000000000e+02 1.090000000000000000e+03
1.077000000000000000e+03 1.669000000000000000e+03
9.260000000000000000e+02 1.558000000000000000e+03
1.086000000000000000e+03 1.759000000000000000e+03
1.145000000000000000e+03 1.750000000000000000e+03
9.560000000000000000e+02 6.040000000000000000e+02
1.028000000000000000e+03 4.820000000000000000e+02
9.700000000000000000e+02 7.650000000000000000e+02
1.030000000000000000e+03 3.724000000000000000e+03
9.900000000000000000e+02 1.106400000000000000e+04
9.540000000000000000e+02 2.330000000000000000e+02
9.770000000000000000e+02 1.568000000000000000e+03
1.145000000000000000e+03 1.873100000000000000e+04
1.079000000000000000e+03 1.276000000000000000e+03
1.014000000000000000e+03 6.640000000000000000e+02
1.020000000000000000e+03 3.010000000000000000e+02
1.014000000000000000e+03 6.320000000000000000e+02
9.500000000000000000e+02 1.390000000000000000e+03
1.020000000000000000e+03 5.330000000000000000e+02
1.020000000000000000e+03 2.460000000000000000e+02
1.010000000000000000e+03 6.005000000000000000e+03
9.880000000000000000e+02 7.820000000000000000e+02
1.036000000000000000e+03 1.332000000000000000e+03
1.015000000000000000e+03 6.400000000000000000e+02
1.017000000000000000e+03 7.060000000000000000e+02
1.089000000000000000e+03 1.119800000000000000e+04
9.900000000000000000e+02 6.170000000000000000e+02
1.110000000000000000e+03 1.392000000000000000e+03
1.116000000000000000e+03 2.508000000000000000e+03
1.113000000000000000e+03 1.587000000000000000e+03
1.010000000000000000e+03 8.690000000000000000e+02
9.850000000000000000e+02 2.213000000000000000e+03
1.268000000000000000e+03 1.372000000000000000e+03
1.019000000000000000e+03 1.545000000000000000e+03
1.009000000000000000e+03 1.324700000000000000e+04
1.085000000000000000e+03 1.034000000000000000e+03
9.300000000000000000e+02 7.300000000000000000e+01
8.600000000000000000e+02 2.131000000000000000e+03
1.019000000000000000e+03 6.520000000000000000e+02
1.140000000000000000e+03 2.105000000000000000e+04
9.760000000000000000e+02 5.470000000000000000e+02
1.142000000000000000e+03 1.502300000000000000e+04
9.230000000000000000e+02 2.142000000000000000e+03
1.032000000000000000e+03 1.247000000000000000e+03
1.028000000000000000e+03 7.344000000000000000e+03
1.029000000000000000e+03 7.956000000000000000e+03
1.024000000000000000e+03 1.197600000000000000e+04
9.090000000000000000e+02 1.313000000000000000e+03
9.520000000000000000e+02 1.277000000000000000e+03
1.033000000000000000e+03 1.208000000000000000e+03
1.213000000000000000e+03 1.081000000000000000e+03
1.007000000000000000e+03 8.080000000000000000e+02
1.009000000000000000e+03 1.578000000000000000e+04
1.131000000000000000e+03 5.790000000000000000e+02
8.840000000000000000e+02 1.183000000000000000e+03
8.630000000000000000e+02 4.100000000000000000e+03
9.500000000000000000e+02 1.984000000000000000e+03
1.162000000000000000e+03 2.399000000000000000e+04
1.030000000000000000e+03 2.796000000000000000e+03
9.680000000000000000e+02 1.081000000000000000e+03
1.089000000000000000e+03 7.047000000000000000e+03
1.143000000000000000e+03 2.910000000000000000e+03
1.030000000000000000e+03 6.777000000000000000e+03
1.072000000000000000e+03 6.854000000000000000e+03
1.030000000000000000e+03 5.682000000000000000e+03
1.050000000000000000e+03 5.863000000000000000e+03
1.007000000000000000e+03 7.026000000000000000e+03
1.010000000000000000e+03 1.483000000000000000e+03
1.030000000000000000e+03 1.170400000000000000e+04
8.900000000000000000e+02 5.666000000000000000e+03
8.080000000000000000e+02 1.782000000000000000e+03
1.070000000000000000e+03 1.426100000000000000e+04
1.341000000000000000e+03 8.290000000000000000e+03
1.048000000000000000e+03 2.459000000000000000e+03
1.423000000000000000e+03 1.789000000000000000e+03
1.010000000000000000e+03 1.780000000000000000e+02
1.343000000000000000e+03 1.820000000000000000e+03
9.620000000000000000e+02 2.290000000000000000e+03
9.080000000000000000e+02 9.130000000000000000e+02
9.370000000000000000e+02 5.960000000000000000e+02
1.085000000000000000e+03 8.619000000000000000e+03
1.026000000000000000e+03 9.940000000000000000e+02
1.057000000000000000e+03 2.179000000000000000e+03
9.600000000000000000e+02 1.276000000000000000e+03
1.003000000000000000e+03 6.079000000000000000e+03
8.950000000000000000e+02 8.460000000000000000e+02
9.400000000000000000e+02 3.479000000000000000e+03
8.860000000000000000e+02 4.313000000000000000e+03
1.042000000000000000e+03 4.300000000000000000e+02
8.800000000000000000e+02 2.880000000000000000e+03
9.630000000000000000e+02 4.575000000000000000e+03
1.030000000000000000e+03 1.347000000000000000e+03
1.418000000000000000e+03 5.932000000000000000e+03
1.194000000000000000e+03 3.972000000000000000e+03
1.209000000000000000e+03 1.101200000000000000e+04
1.310000000000000000e+03 2.604500000000000000e+04
1.175000000000000000e+03 1.892000000000000000e+03
8.710000000000000000e+02 3.421000000000000000e+03
8.930000000000000000e+02 6.197000000000000000e+03
1.060000000000000000e+03 1.729000000000000000e+03
1.036000000000000000e+03 1.220000000000000000e+03
1.145000000000000000e+03 7.767000000000000000e+03
1.221000000000000000e+03 1.794000000000000000e+03
1.078000000000000000e+03 1.853400000000000000e+04
9.900000000000000000e+02 3.923000000000000000e+03
1.168000000000000000e+03 1.424000000000000000e+03
1.105000000000000000e+03 1.662000000000000000e+03
8.850000000000000000e+02 1.513000000000000000e+03
1.434000000000000000e+03 1.785000000000000000e+03
1.258000000000000000e+03 2.106000000000000000e+03
8.950000000000000000e+02 8.300000000000000000e+01
9.640000000000000000e+02 1.454000000000000000e+03
1.006000000000000000e+03 1.871000000000000000e+03
1.234000000000000000e+03 4.172000000000000000e+03
1.375000000000000000e+03 9.465000000000000000e+03
1.279000000000000000e+03 1.646000000000000000e+04
1.347000000000000000e+03 3.603000000000000000e+03
9.910000000000000000e+02 9.489000000000000000e+03
9.560000000000000000e+02 3.230000000000000000e+02
9.310000000000000000e+02 2.794000000000000000e+03
8.450000000000000000e+02 1.238000000000000000e+03
9.540000000000000000e+02 1.313000000000000000e+03
1.240000000000000000e+03 3.720000000000000000e+03
1.090000000000000000e+03 2.040000000000000000e+03
1.070000000000000000e+03 2.621000000000000000e+03
8.250000000000000000e+02 1.733000000000000000e+03
9.870000000000000000e+02 4.148000000000000000e+03
1.040000000000000000e+03 4.255000000000000000e+03
1.156000000000000000e+03 1.681000000000000000e+03
1.501000000000000000e+03 7.278000000000000000e+03
9.740000000000000000e+02 1.667000000000000000e+03
1.065000000000000000e+03 1.785000000000000000e+03
1.132000000000000000e+03 1.183000000000000000e+04
1.209000000000000000e+03 2.167200000000000000e+04
1.015000000000000000e+03 1.178600000000000000e+04
1.094000000000000000e+03 3.808000000000000000e+03
1.081000000000000000e+03 1.861000000000000000e+03
1.503000000000000000e+03 4.510000000000000000e+03
1.051000000000000000e+03 1.362000000000000000e+03
8.800000000000000000e+02 1.261000000000000000e+03
8.500000000000000000e+02 9.610000000000000000e+02
9.400000000000000000e+02 1.260000000000000000e+03
1.032000000000000000e+03 1.483000000000000000e+03
1.394000000000000000e+03 1.320400000000000000e+04
9.280000000000000000e+02 1.308000000000000000e+03
7.600000000000000000e+02 2.210000000000000000e+02
9.540000000000000000e+02 1.188000000000000000e+03
9.860000000000000000e+02 7.134000000000000000e+03
1.149000000000000000e+03 1.710000000000000000e+03
1.029000000000000000e+03 2.157000000000000000e+03
1.061000000000000000e+03 7.202000000000000000e+03
1.133000000000000000e+03 2.473000000000000000e+03
1.014000000000000000e+03 5.535000000000000000e+03
1.428000000000000000e+03 5.146000000000000000e+03
1.399000000000000000e+03 2.347000000000000000e+03
1.109000000000000000e+03 3.975000000000000000e+03
1.077000000000000000e+03 2.648000000000000000e+03
9.950000000000000000e+02 5.524000000000000000e+03
9.960000000000000000e+02 8.390000000000000000e+02
1.439000000000000000e+03 2.051000000000000000e+03
1.016000000000000000e+03 5.033000000000000000e+03
1.007000000000000000e+03 1.616000000000000000e+03
1.143000000000000000e+03 1.284000000000000000e+03
1.100000000000000000e+03 1.385000000000000000e+03
1.070000000000000000e+03 1.765000000000000000e+03
1.090000000000000000e+03 1.843000000000000000e+03
1.183000000000000000e+03 3.895000000000000000e+03
1.029000000000000000e+03 2.007000000000000000e+04
9.760000000000000000e+02 4.500000000000000000e+02
1.010000000000000000e+03 5.290000000000000000e+02
1.010000000000000000e+03 1.352000000000000000e+03
1.142000000000000000e+03 2.871000000000000000e+03
1.011000000000000000e+03 1.854300000000000000e+04
1.010000000000000000e+03 1.264600000000000000e+04
1.198000000000000000e+03 1.640000000000000000e+03
1.084000000000000000e+03 2.100000000000000000e+03
1.090000000000000000e+03 2.113700000000000000e+04
1.204000000000000000e+03 3.296000000000000000e+03
1.240000000000000000e+03 1.427000000000000000e+03
1.050000000000000000e+03 2.299000000000000000e+03
1.145000000000000000e+03 3.033000000000000000e+03
1.034000000000000000e+03 3.080000000000000000e+03
7.800000000000000000e+02 1.041000000000000000e+03
9.900000000000000000e+02 9.600000000000000000e+02
1.352000000000000000e+03 2.807700000000000000e+04
1.158000000000000000e+03 3.762200000000000000e+04
1.206000000000000000e+03 5.536000000000000000e+03
1.125000000000000000e+03 6.793000000000000000e+03
9.930000000000000000e+02 6.746000000000000000e+03
1.030000000000000000e+03 7.959000000000000000e+03
9.810000000000000000e+02 2.920000000000000000e+03
1.070000000000000000e+03 1.611300000000000000e+04
9.270000000000000000e+02 1.016000000000000000e+03
1.008000000000000000e+03 2.830000000000000000e+02
9.900000000000000000e+02 8.687000000000000000e+03
9.900000000000000000e+02 2.325000000000000000e+03
1.069000000000000000e+03 2.860000000000000000e+03
9.300000000000000000e+02 4.980000000000000000e+02
1.050000000000000000e+03 1.778900000000000000e+04
1.030000000000000000e+03 1.875500000000000000e+04
1.053000000000000000e+03 2.661000000000000000e+03
9.900000000000000000e+02 4.397000000000000000e+03
1.070000000000000000e+03 5.520000000000000000e+02
1.144000000000000000e+03 3.178000000000000000e+03
1.406000000000000000e+03 2.023000000000000000e+03
1.144000000000000000e+03 2.464000000000000000e+03
9.910000000000000000e+02 1.927000000000000000e+03
1.125000000000000000e+03 7.290000000000000000e+02
1.224000000000000000e+03 2.439000000000000000e+03
1.106000000000000000e+03 2.108000000000000000e+03
1.350000000000000000e+03 2.029000000000000000e+03
1.030000000000000000e+03 1.254200000000000000e+04
1.266000000000000000e+03 3.027100000000000000e+04
1.004000000000000000e+03 1.813000000000000000e+03
1.073000000000000000e+03 6.830000000000000000e+02
1.109000000000000000e+03 9.239000000000000000e+03
1.168000000000000000e+03 1.846000000000000000e+03
1.049000000000000000e+03 5.912000000000000000e+03
1.044000000000000000e+03 1.106000000000000000e+03
1.126000000000000000e+03 2.038000000000000000e+03
9.300000000000000000e+02 1.260000000000000000e+02
1.157000000000000000e+03 2.051000000000000000e+03
1.010000000000000000e+03 1.153500000000000000e+04
1.155000000000000000e+03 1.871000000000000000e+03
1.068000000000000000e+03 1.897000000000000000e+03
1.290000000000000000e+03 3.079000000000000000e+03
9.830000000000000000e+02 1.095000000000000000e+03
1.085000000000000000e+03 2.858000000000000000e+03
1.165000000000000000e+03 6.246000000000000000e+03
1.051000000000000000e+03 3.479000000000000000e+03
1.010000000000000000e+03 2.426000000000000000e+03
1.070000000000000000e+03 8.079000000000000000e+03
8.510000000000000000e+02 3.157000000000000000e+03
1.033000000000000000e+03 2.487000000000000000e+03
1.007000000000000000e+03 4.970000000000000000e+02
9.500000000000000000e+02 2.638000000000000000e+03
9.100000000000000000e+02 6.880000000000000000e+03
1.159000000000000000e+03 7.340000000000000000e+02
1.100000000000000000e+03 1.643200000000000000e+04
1.100000000000000000e+03 6.990000000000000000e+02
9.950000000000000000e+02 2.252000000000000000e+03
8.250000000000000000e+02 1.856000000000000000e+03
1.098000000000000000e+03 2.895000000000000000e+03
1.106000000000000000e+03 1.639900000000000000e+04
9.700000000000000000e+02 5.170000000000000000e+03
6.660000000000000000e+02 9.220000000000000000e+02
1.082000000000000000e+03 1.237100000000000000e+04
8.640000000000000000e+02 8.770000000000000000e+02
1.105000000000000000e+03 2.166000000000000000e+03
1.028000000000000000e+03 1.336000000000000000e+03
8.630000000000000000e+02 8.320000000000000000e+02
1.033000000000000000e+03 2.510000000000000000e+02
1.006000000000000000e+03 1.104000000000000000e+03
9.900000000000000000e+02 9.160000000000000000e+03
1.165000000000000000e+03 9.000000000000000000e+01
1.021000000000000000e+03 2.770000000000000000e+02
9.720000000000000000e+02 8.090000000000000000e+02
1.146000000000000000e+03 4.001000000000000000e+03
1.046000000000000000e+03 2.071000000000000000e+03
1.070000000000000000e+03 1.242000000000000000e+03
1.029000000000000000e+03 9.210000000000000000e+02
1.073000000000000000e+03 7.350000000000000000e+02
1.045000000000000000e+03 7.928000000000000000e+03
1.142000000000000000e+03 2.746000000000000000e+03
1.021000000000000000e+03 2.550000000000000000e+02
1.001000000000000000e+03 1.710000000000000000e+03
9.900000000000000000e+02 5.132000000000000000e+03
9.200000000000000000e+02 1.411000000000000000e+03
1.165000000000000000e+03 2.658500000000000000e+04
1.105000000000000000e+03 8.309000000000000000e+03
1.263000000000000000e+03 6.064000000000000000e+03
1.090000000000000000e+03 8.928000000000000000e+03
1.243000000000000000e+03 5.482000000000000000e+03
1.050000000000000000e+03 5.274000000000000000e+03
1.050000000000000000e+03 1.513000000000000000e+03
1.164000000000000000e+03 1.682000000000000000e+03
1.237000000000000000e+03 7.961000000000000000e+03
9.700000000000000000e+02 2.190000000000000000e+02
1.062000000000000000e+03 2.515000000000000000e+03
1.047000000000000000e+03 6.460000000000000000e+02
1.049000000000000000e+03 9.382000000000000000e+03
1.090000000000000000e+03 1.574600000000000000e+04
1.474000000000000000e+03 6.851000000000000000e+03
1.107000000000000000e+03 3.398000000000000000e+03
1.090000000000000000e+03 1.022000000000000000e+03
1.146000000000000000e+03 1.044000000000000000e+03
1.047000000000000000e+03 1.001000000000000000e+03
1.115000000000000000e+03 6.280000000000000000e+02
1.112000000000000000e+03 1.376000000000000000e+03
1.115000000000000000e+03 1.825000000000000000e+03
1.115000000000000000e+03 1.305500000000000000e+04
1.090000000000000000e+03 1.163000000000000000e+04
9.250000000000000000e+02 1.250000000000000000e+03
1.024000000000000000e+03 9.610000000000000000e+02
1.110000000000000000e+03 7.780000000000000000e+02
1.070000000000000000e+03 5.930000000000000000e+02
1.091000000000000000e+03 1.185000000000000000e+03
1.214000000000000000e+03 3.943000000000000000e+03
1.077000000000000000e+03 1.111000000000000000e+03
9.950000000000000000e+02 4.100000000000000000e+02
1.083000000000000000e+03 1.060000000000000000e+03
1.049000000000000000e+03 5.247000000000000000e+03
1.070000000000000000e+03 7.400000000000000000e+02
9.700000000000000000e+02 1.189000000000000000e+03
1.070000000000000000e+03 1.215300000000000000e+04
1.109000000000000000e+03 1.892000000000000000e+03
1.147000000000000000e+03 1.937600000000000000e+04
1.070000000000000000e+03 6.910000000000000000e+02
1.050000000000000000e+03 7.590000000000000000e+02
1.147000000000000000e+03 2.250000000000000000e+02
9.240000000000000000e+02 4.560000000000000000e+02
1.003000000000000000e+03 2.274200000000000000e+04
1.081000000000000000e+03 1.531000000000000000e+04
9.620000000000000000e+02 6.260000000000000000e+02
1.446000000000000000e+03 4.154000000000000000e+03
9.750000000000000000e+02 1.664000000000000000e+03
9.650000000000000000e+02 1.717200000000000000e+04
1.098000000000000000e+03 1.228800000000000000e+04
9.750000000000000000e+02 4.643000000000000000e+03
1.098000000000000000e+03 7.810000000000000000e+02
9.650000000000000000e+02 3.986000000000000000e+03
9.320000000000000000e+02 1.524000000000000000e+03
1.145000000000000000e+03 1.912000000000000000e+03
8.350000000000000000e+02 1.906000000000000000e+03
9.490000000000000000e+02 1.570000000000000000e+03
9.560000000000000000e+02 1.708000000000000000e+03
1.109000000000000000e+03 1.453000000000000000e+03
1.004000000000000000e+03 3.915000000000000000e+03
8.770000000000000000e+02 1.618000000000000000e+03
1.004000000000000000e+03 2.242000000000000000e+03
9.000000000000000000e+02 1.398000000000000000e+03
1.120000000000000000e+03 1.065600000000000000e+04
9.170000000000000000e+02 6.373000000000000000e+03
9.050000000000000000e+02 1.197500000000000000e+04
1.063000000000000000e+03 4.557000000000000000e+03
9.700000000000000000e+02 1.518200000000000000e+04
9.500000000000000000e+02 3.610000000000000000e+02
1.142000000000000000e+03 6.449000000000000000e+03
1.495000000000000000e+03 5.234000000000000000e+03
1.096000000000000000e+03 5.397000000000000000e+03
1.038000000000000000e+03 4.041000000000000000e+03
1.178000000000000000e+03 4.777000000000000000e+03
1.178000000000000000e+03 3.342700000000000000e+04
1.178000000000000000e+03 6.748000000000000000e+03
9.130000000000000000e+02 2.369000000000000000e+03
1.121000000000000000e+03 5.632000000000000000e+03
8.550000000000000000e+02 9.470000000000000000e+02
1.305000000000000000e+03 2.662000000000000000e+03
1.068000000000000000e+03 7.491000000000000000e+03
1.235000000000000000e+03 6.446000000000000000e+03
1.010000000000000000e+03 9.930000000000000000e+03
9.820000000000000000e+02 6.677000000000000000e+03
9.320000000000000000e+02 3.767000000000000000e+03
9.320000000000000000e+02 2.134000000000000000e+03
9.670000000000000000e+02 4.700000000000000000e+02
1.038000000000000000e+03 2.233000000000000000e+03
1.200000000000000000e+03 1.490000000000000000e+03
1.038000000000000000e+03 5.410000000000000000e+02
1.038000000000000000e+03 2.084700000000000000e+04
9.820000000000000000e+02 1.379000000000000000e+03
9.820000000000000000e+02 8.060000000000000000e+02
9.820000000000000000e+02 5.120000000000000000e+02
9.820000000000000000e+02 1.288600000000000000e+04
1.038000000000000000e+03 1.775000000000000000e+03
9.980000000000000000e+02 6.590000000000000000e+02
1.038000000000000000e+03 9.410000000000000000e+02
9.890000000000000000e+02 1.721000000000000000e+03
1.098000000000000000e+03 5.000000000000000000e+03
1.195000000000000000e+03 1.075000000000000000e+03
1.106000000000000000e+03 1.905000000000000000e+03
1.340000000000000000e+03 2.486000000000000000e+03
1.101000000000000000e+03 2.858000000000000000e+03
1.187000000000000000e+03 3.060000000000000000e+03
1.370000000000000000e+03 2.872000000000000000e+03
1.471000000000000000e+03 7.970000000000000000e+03
9.120000000000000000e+02 8.560000000000000000e+02
1.358000000000000000e+03 8.510000000000000000e+02
1.422000000000000000e+03 1.430900000000000000e+04
1.225000000000000000e+03 1.369800000000000000e+04
1.100000000000000000e+03 1.262500000000000000e+04
1.000000000000000000e+03 1.297400000000000000e+04
1.110000000000000000e+03 1.182000000000000000e+04
1.160000000000000000e+03 1.569700000000000000e+04
9.500000000000000000e+02 1.283800000000000000e+04
1.020000000000000000e+03 9.020000000000000000e+03
8.380000000000000000e+02 6.085000000000000000e+03
9.370000000000000000e+02 1.591700000000000000e+04
1.100000000000000000e+03 1.442400000000000000e+04
9.050000000000000000e+02 7.361000000000000000e+03
1.047000000000000000e+03 1.855000000000000000e+03
8.990000000000000000e+02 1.505000000000000000e+03
1.060000000000000000e+03 1.315000000000000000e+03
8.940000000000000000e+02 7.400000000000000000e+02
1.258000000000000000e+03 8.193000000000000000e+03
1.384000000000000000e+03 1.909000000000000000e+03
1.126000000000000000e+03 1.607000000000000000e+03
1.165000000000000000e+03 6.748000000000000000e+03
1.113000000000000000e+03 1.047000000000000000e+03
1.009000000000000000e+03 3.166000000000000000e+03
1.331000000000000000e+03 1.610000000000000000e+02
9.070000000000000000e+02 1.508000000000000000e+03
1.080000000000000000e+03 2.619000000000000000e+03
9.440000000000000000e+02 4.905000000000000000e+03
9.440000000000000000e+02 4.067000000000000000e+03
9.440000000000000000e+02 2.300000000000000000e+01
1.090000000000000000e+03 3.403000000000000000e+03
1.075000000000000000e+03 1.671000000000000000e+03
8.740000000000000000e+02 8.660000000000000000e+02
1.053000000000000000e+03 1.783000000000000000e+03
8.650000000000000000e+02 1.716000000000000000e+03
1.054000000000000000e+03 3.322000000000000000e+03
1.006000000000000000e+03 2.155000000000000000e+03
9.190000000000000000e+02 1.635000000000000000e+03
9.860000000000000000e+02 3.207000000000000000e+03
1.131000000000000000e+03 6.581000000000000000e+03
1.348000000000000000e+03 2.217200000000000000e+04
1.038000000000000000e+03 2.841000000000000000e+03
1.039000000000000000e+03 4.307000000000000000e+03
9.700000000000000000e+02 3.940000000000000000e+02
9.150000000000000000e+02 1.818000000000000000e+03
1.043000000000000000e+03 7.883000000000000000e+03
9.860000000000000000e+02 9.780000000000000000e+02
1.348000000000000000e+03 2.078000000000000000e+03
9.280000000000000000e+02 2.470000000000000000e+02
1.140000000000000000e+03 3.247000000000000000e+03
1.366000000000000000e+03 5.379000000000000000e+03
1.046000000000000000e+03 1.302000000000000000e+03
1.232000000000000000e+03 1.258700000000000000e+04
1.353000000000000000e+03 6.047000000000000000e+03
1.075000000000000000e+03 1.787000000000000000e+03
9.400000000000000000e+02 2.725000000000000000e+03
1.015000000000000000e+03 3.020000000000000000e+02
9.310000000000000000e+02 1.279000000000000000e+03
1.122000000000000000e+03 3.102000000000000000e+03
1.247000000000000000e+03 2.646000000000000000e+03
1.054000000000000000e+03 4.408000000000000000e+03
1.095000000000000000e+03 2.948000000000000000e+03
1.093000000000000000e+03 1.114700000000000000e+04
1.090000000000000000e+03 3.494000000000000000e+03
9.750000000000000000e+02 2.411000000000000000e+03
9.690000000000000000e+02 7.455000000000000000e+03
9.300000000000000000e+02 2.849000000000000000e+03
1.102000000000000000e+03 1.254200000000000000e+04
1.297000000000000000e+03 1.294000000000000000e+04
1.158000000000000000e+03 1.936500000000000000e+04
1.253000000000000000e+03 1.572400000000000000e+04
1.155000000000000000e+03 1.694000000000000000e+03
1.053000000000000000e+03 1.714000000000000000e+03
1.069000000000000000e+03 7.040000000000000000e+03
9.750000000000000000e+02 9.190000000000000000e+03
1.058000000000000000e+03 6.394000000000000000e+03
1.056000000000000000e+03 5.049000000000000000e+03
1.274000000000000000e+03 5.463000000000000000e+03
1.129000000000000000e+03 6.397000000000000000e+03
1.097000000000000000e+03 5.759000000000000000e+03
1.110000000000000000e+03 7.245000000000000000e+03
1.082000000000000000e+03 4.017000000000000000e+03
9.980000000000000000e+02 4.045000000000000000e+03
1.026000000000000000e+03 5.494000000000000000e+03
1.056000000000000000e+03 1.565000000000000000e+03
1.158000000000000000e+03 1.473800000000000000e+04
1.313000000000000000e+03 2.206000000000000000e+03
9.460000000000000000e+02 2.831000000000000000e+03
1.394000000000000000e+03 2.436000000000000000e+03
1.020000000000000000e+03 3.469000000000000000e+03
1.154000000000000000e+03 1.830000000000000000e+03
1.435000000000000000e+03 8.200000000000000000e+01
1.075000000000000000e+03 5.260000000000000000e+02
1.217000000000000000e+03 2.887000000000000000e+03
1.156000000000000000e+03 1.584000000000000000e+04
9.390000000000000000e+02 1.043000000000000000e+03
9.770000000000000000e+02 1.634000000000000000e+03
9.500000000000000000e+02 7.000000000000000000e+02
9.980000000000000000e+02 4.400000000000000000e+02
1.030000000000000000e+03 4.463000000000000000e+03
9.850000000000000000e+02 1.273000000000000000e+03
7.770000000000000000e+02 1.361000000000000000e+03
1.353000000000000000e+03 1.782000000000000000e+03
1.444000000000000000e+03 6.501000000000000000e+03
1.050000000000000000e+03 2.062500000000000000e+04
8.490000000000000000e+02 2.276000000000000000e+03
1.200000000000000000e+03 5.599000000000000000e+03
8.510000000000000000e+02 5.077000000000000000e+03
1.018000000000000000e+03 2.559000000000000000e+03
8.910000000000000000e+02 8.020000000000000000e+02
1.067000000000000000e+03 2.171000000000000000e+03
1.087000000000000000e+03 3.996000000000000000e+03
8.260000000000000000e+02 1.382000000000000000e+03
9.760000000000000000e+02 1.409000000000000000e+03
7.230000000000000000e+02 1.172000000000000000e+03
7.550000000000000000e+02 6.760000000000000000e+02
9.410000000000000000e+02 1.393000000000000000e+03
1.040000000000000000e+03 1.543000000000000000e+03
9.610000000000000000e+02 2.172000000000000000e+03
9.500000000000000000e+02 6.610000000000000000e+02
9.150000000000000000e+02 3.336000000000000000e+03
9.020000000000000000e+02 8.577000000000000000e+03
1.190000000000000000e+03 3.323000000000000000e+03
1.313000000000000000e+03 1.788200000000000000e+04
1.066000000000000000e+03 2.140000000000000000e+04
1.029000000000000000e+03 1.413800000000000000e+04
8.590000000000000000e+02 5.876000000000000000e+03
1.105000000000000000e+03 7.920000000000000000e+02
1.229000000000000000e+03 2.297700000000000000e+04
8.630000000000000000e+02 1.602000000000000000e+03
1.154000000000000000e+03 1.217800000000000000e+04
9.100000000000000000e+02 9.990000000000000000e+02
9.260000000000000000e+02 5.184000000000000000e+03
9.540000000000000000e+02 9.470000000000000000e+02
8.780000000000000000e+02 1.970000000000000000e+02
1.058000000000000000e+03 1.703000000000000000e+03
8.530000000000000000e+02 1.610000000000000000e+02
7.490000000000000000e+02 1.299000000000000000e+03
1.110000000000000000e+03 9.500000000000000000e+02
9.410000000000000000e+02 5.730000000000000000e+02
1.047000000000000000e+03 5.430000000000000000e+02
1.136000000000000000e+03 8.210000000000000000e+02
1.013000000000000000e+03 2.002000000000000000e+03
8.890000000000000000e+02 4.877000000000000000e+03
1.034000000000000000e+03 8.238000000000000000e+03
9.650000000000000000e+02 1.257000000000000000e+03
1.038000000000000000e+03 9.230000000000000000e+02
1.046000000000000000e+03 1.865000000000000000e+03
1.004000000000000000e+03 2.693000000000000000e+03
1.090000000000000000e+03 1.118200000000000000e+04
1.091000000000000000e+03 1.162900000000000000e+04
9.670000000000000000e+02 9.240000000000000000e+02
1.016000000000000000e+03 1.902200000000000000e+04
1.016000000000000000e+03 1.409000000000000000e+03
1.009000000000000000e+03 2.060000000000000000e+02
1.043000000000000000e+03 3.118000000000000000e+03
1.070000000000000000e+03 3.000000000000000000e+02
1.096000000000000000e+03 3.331000000000000000e+03
1.027000000000000000e+03 9.410000000000000000e+02
1.009000000000000000e+03 1.721000000000000000e+03
1.009000000000000000e+03 1.416100000000000000e+04
1.102000000000000000e+03 2.647000000000000000e+03
1.377000000000000000e+03 4.551000000000000000e+03
1.195000000000000000e+03 3.108000000000000000e+03
8.250000000000000000e+02 2.028000000000000000e+03
1.011000000000000000e+03 5.350000000000000000e+02
9.890000000000000000e+02 6.690000000000000000e+02
1.141000000000000000e+03 2.336000000000000000e+04
1.141000000000000000e+03 3.015000000000000000e+03
1.141000000000000000e+03 4.550000000000000000e+03
9.390000000000000000e+02 3.155000000000000000e+03
1.060000000000000000e+03 5.560000000000000000e+02
1.030000000000000000e+03 1.148400000000000000e+04
1.035000000000000000e+03 1.277000000000000000e+03
1.181000000000000000e+03 7.812000000000000000e+03
9.640000000000000000e+02 8.710000000000000000e+02
1.285000000000000000e+03 2.255000000000000000e+03
1.083000000000000000e+03 2.663000000000000000e+03
9.700000000000000000e+02 3.550000000000000000e+02
1.030000000000000000e+03 1.260000000000000000e+03
1.112000000000000000e+03 3.009000000000000000e+03
1.048000000000000000e+03 2.221000000000000000e+03
1.048000000000000000e+03 1.529000000000000000e+03
1.048000000000000000e+03 4.680000000000000000e+03
1.048000000000000000e+03 2.944000000000000000e+03
1.048000000000000000e+03 2.030000000000000000e+03
1.048000000000000000e+03 1.713000000000000000e+03
1.048000000000000000e+03 2.207100000000000000e+04
1.048000000000000000e+03 2.407000000000000000e+03
1.328000000000000000e+03 1.694000000000000000e+03
1.002000000000000000e+03 7.830000000000000000e+02
9.830000000000000000e+02 8.390000000000000000e+02
1.046000000000000000e+03 1.571000000000000000e+03
1.105000000000000000e+03 1.390000000000000000e+03
1.240000000000000000e+03 3.421000000000000000e+03
1.240000000000000000e+03 1.765000000000000000e+03
1.240000000000000000e+03 1.537800000000000000e+04
1.030000000000000000e+03 9.470000000000000000e+02
1.050000000000000000e+03 2.056000000000000000e+03
1.071000000000000000e+03 1.774000000000000000e+03
9.890000000000000000e+02 1.655000000000000000e+03
9.830000000000000000e+02 1.641000000000000000e+03
9.430000000000000000e+02 1.792000000000000000e+03
1.354000000000000000e+03 2.894000000000000000e+03
1.028000000000000000e+03 1.483000000000000000e+03
1.153000000000000000e+03 2.205000000000000000e+03
1.289000000000000000e+03 6.280000000000000000e+02
1.289000000000000000e+03 1.008000000000000000e+03
1.289000000000000000e+03 1.121000000000000000e+03
1.289000000000000000e+03 1.192000000000000000e+03
1.289000000000000000e+03 2.205000000000000000e+03
1.289000000000000000e+03 4.313900000000000000e+04
1.104000000000000000e+03 1.010000000000000000e+03
1.104000000000000000e+03 2.219000000000000000e+03
1.104000000000000000e+03 1.841000000000000000e+03
1.104000000000000000e+03 2.340000000000000000e+03
1.104000000000000000e+03 2.333100000000000000e+04
1.104000000000000000e+03 1.899000000000000000e+03
9.700000000000000000e+02 8.700000000000000000e+01
1.123000000000000000e+03 1.817000000000000000e+03
1.087000000000000000e+03 2.436000000000000000e+03
1.163000000000000000e+03 2.055000000000000000e+03
9.690000000000000000e+02 3.309000000000000000e+03
1.031000000000000000e+03 1.544000000000000000e+04
1.018000000000000000e+03 7.980000000000000000e+02
1.047000000000000000e+03 2.280000000000000000e+03
1.006000000000000000e+03 1.163000000000000000e+03
1.119000000000000000e+03 1.891000000000000000e+03
1.231000000000000000e+03 2.070000000000000000e+03
1.132000000000000000e+03 4.452000000000000000e+03
8.360000000000000000e+02 8.910000000000000000e+02
9.810000000000000000e+02 1.110000000000000000e+03
1.030000000000000000e+03 1.511900000000000000e+04
9.690000000000000000e+02 3.757000000000000000e+03
8.990000000000000000e+02 1.950000000000000000e+02
9.700000000000000000e+02 7.215000000000000000e+03
9.300000000000000000e+02 2.005000000000000000e+03
1.124000000000000000e+03 1.949000000000000000e+03
1.176000000000000000e+03 8.180000000000000000e+02
8.900000000000000000e+02 1.238000000000000000e+03
1.138000000000000000e+03 2.031400000000000000e+04
1.098000000000000000e+03 1.882000000000000000e+03
1.163000000000000000e+03 1.954000000000000000e+03
1.176000000000000000e+03 2.052800000000000000e+04
1.037000000000000000e+03 2.884000000000000000e+03
9.500000000000000000e+02 3.957000000000000000e+03
9.900000000000000000e+02 8.640000000000000000e+02
9.500000000000000000e+02 3.363000000000000000e+03
9.630000000000000000e+02 8.010000000000000000e+02
9.900000000000000000e+02 3.985000000000000000e+03
1.279000000000000000e+03 3.394000000000000000e+03
9.930000000000000000e+02 1.378000000000000000e+03
9.350000000000000000e+02 3.422000000000000000e+03
1.070000000000000000e+03 2.358000000000000000e+03
1.279000000000000000e+03 1.985000000000000000e+03
1.090000000000000000e+03 1.641000000000000000e+03
1.104000000000000000e+03 4.380000000000000000e+02
9.740000000000000000e+02 4.780000000000000000e+02
1.025000000000000000e+03 3.443000000000000000e+03
1.102000000000000000e+03 2.234900000000000000e+04
1.108000000000000000e+03 2.047300000000000000e+04
1.102000000000000000e+03 1.729000000000000000e+03
1.045000000000000000e+03 2.008500000000000000e+04
1.195000000000000000e+03 3.468000000000000000e+03
1.371000000000000000e+03 1.351000000000000000e+03
1.020000000000000000e+03 4.436000000000000000e+03
1.067000000000000000e+03 9.020000000000000000e+02
1.198000000000000000e+03 1.970000000000000000e+03
9.500000000000000000e+02 5.142000000000000000e+03
1.028000000000000000e+03 2.690000000000000000e+02
1.033000000000000000e+03 2.333000000000000000e+03
1.182000000000000000e+03 2.126000000000000000e+03
1.069000000000000000e+03 2.482000000000000000e+03
9.760000000000000000e+02 2.169000000000000000e+03
1.016000000000000000e+03 6.060000000000000000e+02
1.095000000000000000e+03 2.400000000000000000e+03
9.900000000000000000e+02 9.245000000000000000e+03
1.334000000000000000e+03 1.316000000000000000e+03
1.306000000000000000e+03 3.498000000000000000e+03
8.960000000000000000e+02 1.286000000000000000e+03
9.640000000000000000e+02 6.393000000000000000e+03
9.460000000000000000e+02 1.496000000000000000e+03
1.432000000000000000e+03 5.834000000000000000e+03
9.480000000000000000e+02 1.252000000000000000e+03
9.600000000000000000e+02 1.510000000000000000e+03
9.150000000000000000e+02 5.046000000000000000e+03
1.005000000000000000e+03 1.774000000000000000e+03
1.285000000000000000e+03 2.352000000000000000e+03
1.197000000000000000e+03 1.625700000000000000e+04
1.122000000000000000e+03 5.944000000000000000e+03
9.460000000000000000e+02 6.109000000000000000e+03
1.041000000000000000e+03 2.458000000000000000e+03
9.300000000000000000e+02 5.756000000000000000e+03
1.117000000000000000e+03 1.808000000000000000e+03
9.950000000000000000e+02 2.080000000000000000e+02
1.050000000000000000e+03 2.697000000000000000e+03
1.070000000000000000e+03 1.532000000000000000e+03
1.282000000000000000e+03 2.520000000000000000e+03
9.440000000000000000e+02 2.031000000000000000e+03
1.400000000000000000e+03 1.187000000000000000e+03
9.330000000000000000e+02 2.018000000000000000e+03
9.430000000000000000e+02 2.452000000000000000e+03
9.730000000000000000e+02 1.240500000000000000e+04
1.018000000000000000e+03 4.270000000000000000e+02
9.010000000000000000e+02 1.550000000000000000e+03
9.590000000000000000e+02 8.538000000000000000e+03
9.310000000000000000e+02 1.344000000000000000e+03
9.960000000000000000e+02 4.228000000000000000e+03
1.283000000000000000e+03 2.452000000000000000e+03
9.820000000000000000e+02 1.212000000000000000e+03
1.112000000000000000e+03 1.698000000000000000e+03
1.322000000000000000e+03 4.904000000000000000e+03
8.530000000000000000e+02 1.614000000000000000e+03
9.370000000000000000e+02 4.783000000000000000e+03
9.300000000000000000e+02 1.840000000000000000e+02
1.047000000000000000e+03 1.288000000000000000e+03
8.300000000000000000e+02 8.160000000000000000e+02
9.640000000000000000e+02 2.640000000000000000e+03
1.050000000000000000e+03 2.034000000000000000e+03
1.064000000000000000e+03 2.679000000000000000e+03
1.154000000000000000e+03 2.739000000000000000e+03
1.014000000000000000e+03 7.313000000000000000e+03
1.057000000000000000e+03 2.362000000000000000e+03
9.820000000000000000e+02 4.370000000000000000e+02
9.150000000000000000e+02 1.571000000000000000e+03
1.246000000000000000e+03 2.357000000000000000e+03
8.610000000000000000e+02 2.462000000000000000e+03
1.087000000000000000e+03 3.797000000000000000e+03
1.087000000000000000e+03 6.150000000000000000e+02
1.087000000000000000e+03 4.900000000000000000e+02
1.087000000000000000e+03 5.340000000000000000e+02
1.087000000000000000e+03 1.089000000000000000e+03
1.087000000000000000e+03 7.880000000000000000e+02
1.087000000000000000e+03 3.779000000000000000e+03
1.087000000000000000e+03 6.360000000000000000e+02
1.087000000000000000e+03 2.573000000000000000e+03
1.087000000000000000e+03 3.461000000000000000e+03
1.087000000000000000e+03 1.327000000000000000e+03
1.087000000000000000e+03 5.910000000000000000e+02
1.087000000000000000e+03 7.620000000000000000e+02
1.087000000000000000e+03 9.180000000000000000e+02
1.087000000000000000e+03 3.946000000000000000e+04
1.087000000000000000e+03 5.880000000000000000e+02
1.087000000000000000e+03 9.110000000000000000e+02
1.087000000000000000e+03 3.231000000000000000e+03
1.087000000000000000e+03 7.960000000000000000e+02
1.087000000000000000e+03 9.430000000000000000e+02
1.442000000000000000e+03 1.060600000000000000e+04
1.062000000000000000e+03 2.791000000000000000e+03
1.010000000000000000e+03 1.865000000000000000e+03
1.008000000000000000e+03 8.400000000000000000e+02
1.165000000000000000e+03 1.830000000000000000e+03
1.187000000000000000e+03 1.456000000000000000e+03
1.187000000000000000e+03 1.677000000000000000e+03
1.187000000000000000e+03 2.837000000000000000e+03
1.187000000000000000e+03 1.830400000000000000e+04
1.187000000000000000e+03 3.630000000000000000e+02
9.970000000000000000e+02 3.164000000000000000e+03
9.570000000000000000e+02 3.670000000000000000e+02
1.041000000000000000e+03 4.459000000000000000e+03
9.270000000000000000e+02 5.110000000000000000e+02
1.026000000000000000e+03 1.665000000000000000e+03
1.110000000000000000e+03 5.265000000000000000e+03
1.035000000000000000e+03 1.532000000000000000e+03
1.121000000000000000e+03 3.834000000000000000e+03
1.032000000000000000e+03 1.550000000000000000e+03
9.300000000000000000e+02 3.460000000000000000e+02
9.800000000000000000e+02 6.493000000000000000e+03
1.002000000000000000e+03 7.544000000000000000e+03
1.129000000000000000e+03 2.138000000000000000e+03
1.442000000000000000e+03 1.524000000000000000e+03
1.121000000000000000e+03 2.751100000000000000e+04
9.670000000000000000e+02 1.045000000000000000e+03
1.182000000000000000e+03 1.578000000000000000e+03
9.770000000000000000e+02 7.670000000000000000e+02
9.130000000000000000e+02 2.680000000000000000e+02
1.316000000000000000e+03 6.856000000000000000e+03
1.015000000000000000e+03 1.559000000000000000e+03
1.105000000000000000e+03 1.345600000000000000e+04
1.040000000000000000e+03 1.313000000000000000e+03
1.025000000000000000e+03 3.188000000000000000e+03
1.060000000000000000e+03 2.281000000000000000e+03
9.930000000000000000e+02 4.680000000000000000e+02
1.045000000000000000e+03 4.847000000000000000e+03
1.425000000000000000e+03 6.182000000000000000e+03
1.137000000000000000e+03 3.263000000000000000e+03
1.158000000000000000e+03 3.969000000000000000e+03
9.300000000000000000e+02 7.253000000000000000e+03
1.076000000000000000e+03 1.300800000000000000e+04
1.239000000000000000e+03 2.005000000000000000e+03
1.109000000000000000e+03 1.989000000000000000e+03
1.079000000000000000e+03 2.381000000000000000e+03
9.730000000000000000e+02 2.904000000000000000e+03
1.070000000000000000e+03 2.755000000000000000e+03
9.160000000000000000e+02 1.314000000000000000e+03
1.165000000000000000e+03 1.015000000000000000e+04
1.080000000000000000e+03 2.660000000000000000e+03
8.730000000000000000e+02 1.803000000000000000e+03
1.259000000000000000e+03 1.680100000000000000e+04
9.560000000000000000e+02 1.131000000000000000e+03
1.055000000000000000e+03 5.740000000000000000e+02
1.027000000000000000e+03 9.950000000000000000e+02
1.072000000000000000e+03 7.440000000000000000e+02
1.010000000000000000e+03 5.740000000000000000e+02
9.380000000000000000e+02 3.380000000000000000e+03
1.237000000000000000e+03 2.777000000000000000e+03
9.450000000000000000e+02 2.750000000000000000e+03
1.010000000000000000e+03 3.150000000000000000e+03
9.380000000000000000e+02 1.032000000000000000e+03
1.137000000000000000e+03 2.068000000000000000e+03
1.121000000000000000e+03 1.069000000000000000e+03
9.730000000000000000e+02 2.956000000000000000e+03
9.320000000000000000e+02 1.716000000000000000e+03
1.178000000000000000e+03 2.398700000000000000e+04
1.178000000000000000e+03 1.053000000000000000e+03
7.890000000000000000e+02 7.730000000000000000e+02
9.270000000000000000e+02 6.720000000000000000e+02
8.260000000000000000e+02 2.850000000000000000e+02
9.930000000000000000e+02 8.570000000000000000e+03
8.510000000000000000e+02 2.876000000000000000e+03
9.820000000000000000e+02 4.952000000000000000e+03
8.590000000000000000e+02 8.130000000000000000e+02
1.030000000000000000e+03 4.704000000000000000e+03
1.186000000000000000e+03 1.610000000000000000e+03
1.105000000000000000e+03 1.615000000000000000e+03
9.930000000000000000e+02 3.156000000000000000e+03
1.010000000000000000e+03 1.743000000000000000e+03
1.058000000000000000e+03 7.540000000000000000e+02
1.050000000000000000e+03 6.760000000000000000e+02
1.030000000000000000e+03 1.758000000000000000e+03
9.340000000000000000e+02 7.280000000000000000e+02
1.183000000000000000e+03 2.194000000000000000e+03
1.050000000000000000e+03 1.004800000000000000e+04
1.064000000000000000e+03 1.075000000000000000e+03
1.090000000000000000e+03 6.449000000000000000e+03
1.115000000000000000e+03 4.860000000000000000e+02
1.009000000000000000e+03 9.271000000000000000e+03
1.125000000000000000e+03 1.101000000000000000e+03
1.193000000000000000e+03 5.465000000000000000e+03
9.300000000000000000e+02 5.063000000000000000e+03
1.053000000000000000e+03 1.209000000000000000e+03
1.064000000000000000e+03 1.688000000000000000e+03
1.105000000000000000e+03 1.156000000000000000e+03
9.100000000000000000e+02 2.978000000000000000e+03
9.860000000000000000e+02 1.198000000000000000e+03
1.149000000000000000e+03 2.874000000000000000e+03
1.026000000000000000e+03 1.139900000000000000e+04
8.540000000000000000e+02 6.110000000000000000e+02
1.098000000000000000e+03 1.290000000000000000e+03
8.630000000000000000e+02 2.220000000000000000e+02
1.022000000000000000e+03 8.260000000000000000e+02
1.039000000000000000e+03 2.121000000000000000e+03
7.160000000000000000e+02 1.554000000000000000e+03
7.600000000000000000e+02 1.009000000000000000e+03
1.094000000000000000e+03 4.143000000000000000e+03
1.054000000000000000e+03 1.632000000000000000e+03
1.068000000000000000e+03 1.139000000000000000e+03
1.030000000000000000e+03 3.670000000000000000e+02
1.031000000000000000e+03 1.617800000000000000e+04
1.011000000000000000e+03 2.091400000000000000e+04
1.096000000000000000e+03 9.330000000000000000e+02
9.100000000000000000e+02 3.901000000000000000e+03
1.050000000000000000e+03 1.790000000000000000e+02
1.288000000000000000e+03 2.012000000000000000e+03
9.100000000000000000e+02 4.952000000000000000e+03
7.560000000000000000e+02 1.021700000000000000e+04
1.248000000000000000e+03 1.599000000000000000e+03
1.050000000000000000e+03 2.693000000000000000e+03
1.006000000000000000e+03 1.068000000000000000e+03
1.069000000000000000e+03 1.018400000000000000e+04
1.199000000000000000e+03 2.094800000000000000e+04
1.050000000000000000e+03 6.554000000000000000e+03
1.071000000000000000e+03 9.827000000000000000e+03
8.780000000000000000e+02 7.040000000000000000e+02
1.049000000000000000e+03 1.448000000000000000e+03
9.610000000000000000e+02 1.844000000000000000e+03
1.174000000000000000e+03 2.565000000000000000e+03
1.475000000000000000e+03 6.794000000000000000e+03
1.087000000000000000e+03 3.647000000000000000e+03
9.650000000000000000e+02 5.430000000000000000e+03
1.181000000000000000e+03 1.206000000000000000e+03
1.182000000000000000e+03 2.430000000000000000e+02
1.215000000000000000e+03 1.322100000000000000e+04
1.035000000000000000e+03 1.493000000000000000e+03
9.600000000000000000e+02 9.137000000000000000e+03
1.078000000000000000e+03 3.375000000000000000e+03
9.300000000000000000e+02 3.160000000000000000e+02
1.216000000000000000e+03 1.374000000000000000e+03
9.570000000000000000e+02 1.132000000000000000e+03
9.930000000000000000e+02 1.391000000000000000e+03
9.870000000000000000e+02 6.951000000000000000e+03
1.035000000000000000e+03 1.690000000000000000e+03
1.075000000000000000e+03 2.165000000000000000e+03
8.940000000000000000e+02 1.329700000000000000e+04
9.030000000000000000e+02 2.879000000000000000e+03
1.136000000000000000e+03 3.035700000000000000e+04
9.530000000000000000e+02 1.059000000000000000e+03
7.800000000000000000e+02 9.240000000000000000e+02
9.670000000000000000e+02 6.346000000000000000e+03
9.740000000000000000e+02 9.175000000000000000e+03
8.920000000000000000e+02 6.560000000000000000e+03
1.175000000000000000e+03 2.173000000000000000e+03
1.010000000000000000e+03 1.466000000000000000e+03
1.069000000000000000e+03 3.006000000000000000e+03
9.820000000000000000e+02 1.157000000000000000e+03
9.930000000000000000e+02 5.192000000000000000e+03
1.100000000000000000e+03 3.124300000000000000e+04
9.810000000000000000e+02 6.450000000000000000e+02
8.820000000000000000e+02 1.509000000000000000e+03
9.370000000000000000e+02 1.720000000000000000e+04
7.750000000000000000e+02 2.430000000000000000e+02
8.450000000000000000e+02 6.731000000000000000e+03
1.454000000000000000e+03 3.920000000000000000e+03
1.117000000000000000e+03 4.077000000000000000e+03
1.121000000000000000e+03 1.529000000000000000e+03
9.990000000000000000e+02 1.625500000000000000e+04
9.950000000000000000e+02 1.051000000000000000e+03
1.050000000000000000e+03 2.390000000000000000e+03
1.302000000000000000e+03 6.295000000000000000e+03
1.168000000000000000e+03 1.528000000000000000e+03
9.980000000000000000e+02 1.071500000000000000e+04
1.045000000000000000e+03 3.100500000000000000e+04
9.490000000000000000e+02 7.150000000000000000e+02
8.650000000000000000e+02 2.000000000000000000e+03
9.840000000000000000e+02 1.132800000000000000e+04
8.950000000000000000e+02 9.400000000000000000e+03
1.182000000000000000e+03 4.393100000000000000e+04
1.077000000000000000e+03 2.541500000000000000e+04
1.262000000000000000e+03 3.932300000000000000e+04
1.262000000000000000e+03 1.304200000000000000e+04
9.230000000000000000e+02 1.952700000000000000e+04
1.064000000000000000e+03 5.338000000000000000e+03
1.206000000000000000e+03 8.597000000000000000e+03
1.041000000000000000e+03 1.295000000000000000e+03
1.008000000000000000e+03 2.947000000000000000e+03
1.050000000000000000e+03 2.384000000000000000e+04
8.320000000000000000e+02 6.288000000000000000e+03
1.116000000000000000e+03 2.680900000000000000e+04
9.970000000000000000e+02 1.719000000000000000e+03
9.530000000000000000e+02 9.220000000000000000e+03
1.270000000000000000e+03 2.127000000000000000e+03
9.400000000000000000e+02 4.246000000000000000e+03
9.940000000000000000e+02 6.890000000000000000e+03
1.277000000000000000e+03 2.776500000000000000e+04
1.081000000000000000e+03 2.664000000000000000e+03
1.066000000000000000e+03 5.620000000000000000e+03
1.087000000000000000e+03 2.077500000000000000e+04
1.109000000000000000e+03 2.327300000000000000e+04
1.134000000000000000e+03 2.260000000000000000e+03
9.540000000000000000e+02 2.022000000000000000e+03
1.122000000000000000e+03 2.851000000000000000e+03
9.480000000000000000e+02 1.433000000000000000e+03
9.300000000000000000e+02 1.363000000000000000e+03
1.391000000000000000e+03 2.466000000000000000e+03
1.065000000000000000e+03 2.432000000000000000e+03
1.173000000000000000e+03 1.941000000000000000e+03
8.420000000000000000e+02 1.580000000000000000e+02
8.830000000000000000e+02 4.700000000000000000e+02
9.330000000000000000e+02 1.361000000000000000e+03
1.190000000000000000e+03 9.970000000000000000e+03
9.410000000000000000e+02 8.700000000000000000e+02
9.000000000000000000e+02 8.210000000000000000e+02
1.033000000000000000e+03 1.822000000000000000e+03
1.358000000000000000e+03 6.235000000000000000e+03
1.067000000000000000e+03 2.286000000000000000e+03
1.161000000000000000e+03 5.083000000000000000e+03
9.630000000000000000e+02 8.100000000000000000e+02
1.004000000000000000e+03 9.070000000000000000e+02
9.990000000000000000e+02 1.148000000000000000e+03
8.680000000000000000e+02 1.506000000000000000e+03
1.155000000000000000e+03 2.132400000000000000e+04
1.113000000000000000e+03 1.070000000000000000e+03
9.900000000000000000e+02 3.529000000000000000e+03
1.099000000000000000e+03 5.680000000000000000e+02
1.149000000000000000e+03 1.812700000000000000e+04
1.030000000000000000e+03 4.707900000000000000e+04
1.002000000000000000e+03 4.357000000000000000e+03
1.002000000000000000e+03 2.140000000000000000e+03
9.590000000000000000e+02 1.307000000000000000e+03
1.110000000000000000e+03 4.303000000000000000e+03
1.030000000000000000e+03 2.371000000000000000e+03
8.790000000000000000e+02 5.955000000000000000e+03
1.016000000000000000e+03 1.948300000000000000e+04
9.800000000000000000e+02 8.866000000000000000e+03
1.082000000000000000e+03 1.294000000000000000e+03
1.094000000000000000e+03 6.510000000000000000e+02
8.370000000000000000e+02 1.078000000000000000e+03
1.313000000000000000e+03 3.107000000000000000e+03
1.086000000000000000e+03 1.980000000000000000e+03
1.016000000000000000e+03 1.859000000000000000e+03
1.015000000000000000e+03 6.580000000000000000e+02
1.084000000000000000e+03 5.990000000000000000e+02
9.490000000000000000e+02 1.585000000000000000e+03
9.280000000000000000e+02 3.520000000000000000e+02
1.220000000000000000e+03 2.392800000000000000e+04
1.102000000000000000e+03 2.204900000000000000e+04
1.362000000000000000e+03 1.502000000000000000e+04
1.141000000000000000e+03 1.675000000000000000e+03
8.110000000000000000e+02 5.023000000000000000e+03
7.500000000000000000e+02 1.359000000000000000e+03
1.021000000000000000e+03 1.436000000000000000e+03
1.392000000000000000e+03 1.846000000000000000e+03
9.860000000000000000e+02 9.958000000000000000e+03
9.700000000000000000e+02 1.167200000000000000e+04
1.081000000000000000e+03 4.017000000000000000e+03
1.204000000000000000e+03 4.830000000000000000e+03
8.980000000000000000e+02 1.920000000000000000e+02
1.079000000000000000e+03 1.354000000000000000e+03
1.112000000000000000e+03 3.062000000000000000e+03
1.233000000000000000e+03 2.542000000000000000e+03
1.057000000000000000e+03 1.299000000000000000e+03
1.145000000000000000e+03 3.354000000000000000e+03
1.175000000000000000e+03 4.595000000000000000e+03
1.072000000000000000e+03 1.646000000000000000e+03
1.030000000000000000e+03 2.282500000000000000e+04
1.203000000000000000e+03 2.875400000000000000e+04
1.114000000000000000e+03 1.392500000000000000e+04
1.327000000000000000e+03 1.525000000000000000e+03
9.890000000000000000e+02 1.032000000000000000e+03
1.026000000000000000e+03 2.040000000000000000e+02
9.360000000000000000e+02 6.900000000000000000e+02
9.050000000000000000e+02 1.708000000000000000e+03
9.910000000000000000e+02 1.373000000000000000e+03
9.800000000000000000e+02 2.474000000000000000e+03
9.450000000000000000e+02 8.660000000000000000e+02
9.650000000000000000e+02 3.856000000000000000e+03
8.790000000000000000e+02 1.413000000000000000e+03
1.022000000000000000e+03 9.098000000000000000e+03
9.710000000000000000e+02 3.940000000000000000e+02
1.060000000000000000e+03 1.378000000000000000e+03
1.007000000000000000e+03 3.695000000000000000e+03
9.420000000000000000e+02 2.195000000000000000e+03
1.017000000000000000e+03 4.200000000000000000e+01
9.840000000000000000e+02 2.412000000000000000e+03
1.060000000000000000e+03 1.133000000000000000e+03
1.021000000000000000e+03 1.356000000000000000e+03
1.060000000000000000e+03 2.213000000000000000e+04
1.023000000000000000e+03 1.139000000000000000e+03
9.500000000000000000e+02 1.833000000000000000e+03
1.070000000000000000e+03 2.850000000000000000e+02
1.227000000000000000e+03 1.244000000000000000e+03
1.027000000000000000e+03 2.680000000000000000e+03
1.090000000000000000e+03 3.024000000000000000e+03
1.105000000000000000e+03 2.874000000000000000e+03
1.049000000000000000e+03 4.322000000000000000e+03
1.050000000000000000e+03 1.914000000000000000e+03
1.007000000000000000e+03 2.449000000000000000e+03
1.061000000000000000e+03 7.800000000000000000e+02
9.500000000000000000e+02 1.676000000000000000e+03
1.217000000000000000e+03 8.190000000000000000e+03
1.244000000000000000e+03 2.452000000000000000e+03
9.570000000000000000e+02 8.110000000000000000e+02
1.105000000000000000e+03 5.460000000000000000e+02
1.130000000000000000e+03 8.830000000000000000e+02
1.125000000000000000e+03 2.128000000000000000e+03
9.500000000000000000e+02 2.990000000000000000e+02
9.700000000000000000e+02 1.182700000000000000e+04
1.090000000000000000e+03 2.052000000000000000e+03
1.030000000000000000e+03 1.043800000000000000e+04
1.110000000000000000e+03 1.021800000000000000e+04
1.070000000000000000e+03 5.765000000000000000e+03
1.130000000000000000e+03 9.335000000000000000e+03
1.097000000000000000e+03 1.058000000000000000e+03
1.030000000000000000e+03 1.063300000000000000e+04
9.900000000000000000e+02 4.354000000000000000e+03
1.030000000000000000e+03 8.094000000000000000e+03
1.010000000000000000e+03 2.415000000000000000e+03
1.268000000000000000e+03 2.950400000000000000e+04
1.030000000000000000e+03 2.174700000000000000e+04
1.050000000000000000e+03 7.740000000000000000e+03
1.030000000000000000e+03 5.506000000000000000e+03
1.070000000000000000e+03 9.150000000000000000e+03
1.123000000000000000e+03 9.969000000000000000e+03
1.038000000000000000e+03 2.886000000000000000e+03
1.029000000000000000e+03 3.880000000000000000e+03
1.094000000000000000e+03 3.779000000000000000e+03
1.195000000000000000e+03 1.183400000000000000e+04
8.070000000000000000e+02 2.023000000000000000e+03
1.466000000000000000e+03 6.980000000000000000e+03
1.211000000000000000e+03 3.016700000000000000e+04
1.025000000000000000e+03 1.050000000000000000e+02
1.283000000000000000e+03 7.930000000000000000e+02
9.660000000000000000e+02 1.068900000000000000e+04
1.203000000000000000e+03 4.077000000000000000e+03
1.203000000000000000e+03 3.587000000000000000e+03
9.320000000000000000e+02 5.680000000000000000e+02
9.710000000000000000e+02 3.340000000000000000e+02
1.213000000000000000e+03 4.120000000000000000e+02
1.108000000000000000e+03 3.243000000000000000e+03
9.760000000000000000e+02 5.153000000000000000e+03
1.095000000000000000e+03 4.350000000000000000e+02
1.088000000000000000e+03 1.166000000000000000e+03
1.108000000000000000e+03 3.305000000000000000e+03
1.126000000000000000e+03 9.689000000000000000e+03
1.020000000000000000e+03 2.890000000000000000e+02
9.400000000000000000e+02 1.680000000000000000e+02
1.024000000000000000e+03 1.279500000000000000e+04
1.215000000000000000e+03 2.382000000000000000e+03
1.215000000000000000e+03 6.450000000000000000e+02
1.215000000000000000e+03 1.224000000000000000e+03
1.090000000000000000e+03 3.440000000000000000e+02
1.102000000000000000e+03 7.650000000000000000e+02
1.084000000000000000e+03 6.930000000000000000e+02
9.540000000000000000e+02 4.950000000000000000e+03
1.475000000000000000e+03 3.430000000000000000e+02
9.550000000000000000e+02 1.394000000000000000e+03
1.020000000000000000e+03 8.700000000000000000e+01
1.225000000000000000e+03 8.940000000000000000e+02
1.096000000000000000e+03 4.690000000000000000e+02
1.010000000000000000e+03 5.837000000000000000e+03
1.006000000000000000e+03 1.624000000000000000e+03
1.104000000000000000e+03 4.200000000000000000e+02
1.070000000000000000e+03 9.040000000000000000e+02
1.077000000000000000e+03 7.210000000000000000e+02
9.540000000000000000e+02 9.220000000000000000e+02
1.154000000000000000e+03 3.955000000000000000e+03
1.108000000000000000e+03 8.555000000000000000e+03
1.070000000000000000e+03 1.180000000000000000e+02
9.410000000000000000e+02 7.900000000000000000e+02
9.440000000000000000e+02 5.600000000000000000e+01
1.154000000000000000e+03 1.671000000000000000e+03
1.160000000000000000e+03 5.040000000000000000e+02
1.020000000000000000e+03 3.790000000000000000e+02
1.266000000000000000e+03 4.770000000000000000e+02
1.069000000000000000e+03 1.400000000000000000e+02
1.098000000000000000e+03 6.500000000000000000e+02
1.029000000000000000e+03 1.319000000000000000e+03
1.087000000000000000e+03 4.881000000000000000e+03
1.117000000000000000e+03 3.650000000000000000e+02
1.064000000000000000e+03 1.032000000000000000e+03
1.153000000000000000e+03 2.304000000000000000e+03
1.002000000000000000e+03 5.456000000000000000e+03
1.009000000000000000e+03 1.450200000000000000e+04
1.394000000000000000e+03 2.124000000000000000e+03
1.108000000000000000e+03 8.227000000000000000e+03
