100654
100663
100706
100724
100751
100760
100830
100858
100937
101028
101073
101143
101161
101189
101240
101286
101295
101301
101435
101462
101480
101499
101505
101514
101541
101569
101587
101602
101648
101675
101693
101709
101736
101879
101897
101912
101949
101994
102030
102049
102058
102067
102076
102094
102234
102261
102270
102298
102313
102368
102377
102429
102553
102614
102632
102669
102711
103787
103945
104151
104160
104179
104346
104425
104577
104586
104708
105145
105154
105206
105297
105330
105349
105367
105428
105525
105589
105668
105747
105792
105899
106148
106245
106342
106397
106412
106449
106458
106467
106485
106625
106704
106713
106795
106810
106883
106980
106999
107044
107071
107080
107141
107318
107327
107460
107512
107521
107549
107558
107585
107600
107619
107637
107664
107725
107743
107877
107974
107983
107992
108092
108667
108807
108852
109208
109350
109651
109785
109819
109907
110060
110097
110246
110334
110361
110370
110404
110413
110422
110486
110495
110510
110529
110538
110547
110556
110565
110574
110583
110592
110608
110617
110635
110644
110653
110662
110671
110680
110705
110714
110918
111081
111188
111434
111461
111638
111887
111896
111920
111939
111948
111966
112075
112084
112172
112190
112260
112385
112446
112561
112570
112686
112826
113096
113111
113193
113218
113236
113333
113573
113634
113698
113856
113980
114266
114433
114716
114789
114813
114859
114938
115001
115126
115296
115393
115409
115728
115755
115773
115861
116439
116846
117052
117104
117140
117168
117195
117247
117274
117557
117627
117645
117690
117706
117715
117724
117733
117751
117788
117867
117894
117946
118347
118541
118684
118693
118718
118772
118888
118912
118930
118976
119067
119137
119164
119173
119216
119331
119605
120184
120254
120290
120342
120403
120421
120537
120838
120865
120883
120953
120971
121044
121150
121257
121309
121345
121363
121619
121691
121707
121886
121901
122180
122205
122339
122375
122384
122409
122436
122454
122506
122597
122612
122658
122728
122746
122755
122791
122889
122931
122977
123013
123165
123217
123280
123299
123341
123457
123484
123509
123527
123554
123563
123572
123651
123800
123952
123961
124113
124292
124487
125028
125091
125170
125462
125471
125499
125727
125763
125897
126076
126119
126182
126207
126289
126562
126580
126614
126669
126678
126711
126748
126775
126818
126863
126872
126942
127060
127185
127200
127389
127556
127565
127617
127653
127714
127732
127741
127778
127820
127884
127909
127918
128106
128258
128391
128498
128577
128744
128771
128902
129020
129154
129215
129242
129367
129525
129543
129695
129729
129756
129774
129808
129941
130004
130040
130217
130226
130253
130314
130396
130493
130590
130606
130697
130776
130794
130891
130907
130916
130934
130943
130989
131098
131113
131159
131283
131399
131450
131469
131496
131520
131876
132408
132471
132602
132657
132693
132709
132842
132851
132903
133021
133085
133386
133492
133508
133526
133553
133650
133669
133702
133711
133809
133872
133881
133951
133960
133979
134079
134097
134130
134343
134495
134510
134608
134945
135063
135081
135160
135188
135364
135391
135717
135726
135939
136145
136172
136206
136215
136233
136330
136358
136400
136473
136516
136774
136950
137032
137078
137096
137209
137272
137281
137315
137351
137476
137546
137564
137759
137847
137953
137962
138187
138275
138293
138354
138558
138600
138682
138691
138716
138761
138789
138840
138868
138901
138947
138956
139010
139144
139153
139199
139205
139250
139278
139311
139357
139366
139384
139393
139463
139621
139630
139658
139700
139719
139755
139764
139861
139931
139940
139959
139968
139986
139995
140012
140164
140234
140243
140252
140331
140447
140553
140599
140678
140696
140720
140818
140872
140942
140951
140960
140988
141006
141060
141097
141158
141167
141185
141237
141255
141264
141325
141334
141361
141486
141565
141574
141644
141680
141796
141802
141811
141839
141981
141990
142090
142115
142179
142276
142285
142294
142328
142443
142461
142522
142559
143048
143084
143118
143215
143279
143288
143358
143613
144005
144050
144157
144166
144175
144184
144193
144209
144218
144281
144351
144564
144740
144865
144883
144892
144944
144962
144971
145372
145497
145521
145600
145619
145637
145646
145682
145691
145707
145725
145813
145831
146205
146278
146296
146339
146348
146366
146418
146427
146472
146481
146506
146603
146612
146667
146676
146685
146719
146816
146825
147004
147013
147129
147244
147341
147369
147378
147396
147411
147536
147660
147679
147703
147767
147776
147800
147828
147916
148007
148131
148256
148292
148335
148380
148405
148487
148496
148584
148627
148654
148672
148821
148849
148876
148937
148991
149222
149231
149329
149365
149505
149514
149532
149639
149727
149772
149781
149842
150048
150066
150136
150145
150163
150172
150400
150455
150534
150604
150668
150677
150756
150774
150941
150987
151102
151111
151263
151290
151306
151324
151333
151342
151351
151360
151379
151388
151777
151786
151801
151810
151962
152080
152099
152248
152266
152318
152336
152363
152381
152390
152530
152567
152600
152637
152673
152798
152822
152992
153001
153108
153126
153144
153162
153214
153241
153250
153269
153278
153296
153302
153311
153320
153366
153375
153384
153445
153472
153524
153533
153603
153621
153630
153658
153737
153825
153834
153861
153922
153977
154004
154013
154059
154095
154101
154110
154129
154174
154235
154262
154350
154378
154396
154493
154527
154572
154590
154642
154688
154697
154712
154721
154749
154800
154855
154907
154925
154934
154952
154998
155007
155025
155052
155061
155070
155089
155098
155104
155140
155177
155186
155195
155201
155210
155292
155317
155335
155399
155414
155450
155487
155496
155511
155520
155566
155593
155618
155627
155636
155681
155715
155812
155830
155858
155900
155937
155973
156082
156107
156125
156189
156213
156231
156286
156295
156338
156356
156365
156392
156408
156417
156541
156620
156648
156745
156790
156851
156860
156921
157030
157058
157076
157085
157100
157216
157289
157304
157331
157377
157386
157401
157438
157447
157483
157535
157553
157711
157739
157757
157809
157818
157863
157951
158088
158352
158431
158477
158662
158802
158884
159009
159382
159391
159407
159416
159568
159647
159656
159717
159939
159966
159993
160010
160038
160065
160074
160409
160481
160524
160579
160612
160621
160630
160649
160658
160667
160755
160904
160913
160959
160977
161004
161077
161086
161138
161165
161192
161208
161217
161226
161235
161244
161253
161299
161341
161457
161484
161509
161518
161545
161554
161563
161572
161581
161688
161767
161864
161873
162007
162061
162104
162122
162168
162210
162283
162557
162584
162609
162654
162690
162706
162760
162779
162928
163046
163204
163268
163286
163295
163338
163426
163453
163462
163532
163578
163657
163851
163912
163976
164076
164173
164216
164270
164313
164447
164465
164492
164562
164580
164614
164632
164720
164739
164748
164775
164872
164924
164933
164988
165015
165024
165033
165112
165167
165194
165264
165334
165529
165574
165662
165671
165699
165802
165820
165866
165884
165936
165981
166018
166027
166054
166124
166133
166391
166452
166513
166601
166629
166638
166647
166656
166674
166683
166692
166823
166850
166887
166911
166939
166948
166957
166984
167057
167251
167260
167288
167312
167358
167376
167394
167455
167525
167534
167598
167729
167783
167792
167835
167899
167905
167987
167996
168005
168148
168218
168227
168254
168263
168281
168290
168342
168421
168430
168528
168546
168591
168607
168740
168786
168838
168847
168883
169080
169248
169275
169327
169442
169479
169521
169716
169798
169910
169974
169983
169992
170000
170037
170055
170082
170091
170240
170301
170444
170532
170541
170550
170587
170620
170639
170657
170675
170790
170806
170842
170967
170976
171100
171128
171137
171146
171155
171225
171234
171298
171304
171395
171456
171483
171492
171535
171571
171599
171881
172051
172200
172264
172291
172307
172334
172440
172617
172635
172644
172671
172699
172918
172954
172963
173045
173063
173115
173124
173142
173160
173203
173258
173300
173328
173416
173452
173461
173559
173638
173647
173665
173708
173735
173799
173805
173902
173911
173920
173993
174020
174066
174075
174127
174136
174206
174233
174251
174358
174376
174428
174437
174473
174491
174507
174525
174570
174604
174738
174747
174756
174783
174792
174817
174844
174862
174899
174914
175005
175041
175078
175157
175227
175236
175263
175272
175315
175342
175421
175430
175519
175573
175616
175643
175652
175786
175810
175829
175856
175883
175935
175980
176008
176017
176035
176044
176053
176071
176080
176169
176178
176239
176318
176336
176354
176372
176406
176479
176628
176664
176770
176789
176910
176947
176965
177065
177083
177117
177135
177144
177214
177250
177339
177418
177472
177542
177551
177676
177746
177940
177968
177977
177995
178059
178208
178217
178244
178341
178369
178387
178396
178402
178411
178420
178448
178615
178624
178679
178697
178721
178891
179043
179159
179256
179308
179326
179344
179539
179548
179557
179566
179645
179715
179867
179894
179919
179946
179955
179964
180054
180081
180106
180151
180160
180179
180197
180203
180212
180249
180258
180276
180328
180373
180416
180461
180489
180522
180595
180647
180692
180814
180832
180878
180902
180948
180984
181002
181020
181093
181127
181215
181297
181303
181312
181330
181376
181394
181419
181446
181464
181491
181534
181604
181640
181738
181765
181783
181817
181853
182005
182281
182290
182306
182458
182500
182564
182634
182670
182795
182980
183026
183044
183062
183071
183080
183099
183105
183114
183123
183132
183141
183150
183211
183239
183248
183257
183275
183655
183743
183822
183859
183877
183910
183938
183974
184180
184205
184348
184481
184603
184612
184694
184773
184782
184791
184995
185129
185262
185509
185536
185572
185590
185828
185873
186034
186131
186186
186201
186283
186371
186380
186399
186432
186469
186584
186618
186645
186867
186876
186900
187134
187198
187444
187532
187596
187620
187639
187648
187666
187745
187897
187903
187912
187958
187967
187976
187985
187994
188003
188021
188030
188049
188058
188100
188137
188182
188216
188225
188261
188304
188340
188429
188438
188526
188641
188678
188687
188854
189088
189097
189264
189273
189413
189547
189705
189839
189848
189857
190044
190053
190099
190114
190150
190169
190248
190372
190415
190442
190451
190503
190512
190521
190530
190549
190558
190567
190585
190594
190600
190619
190628
190637
190646
190655
190664
190673
190691
190716
190725
190761
190770
190840
190983
191083
191126
191199
191241
191302
191339
191515
191533
191597
191612
191621
191630
191649
191676
191719
191931
191968
191986
192022
192040
192110
192165
192192
192323
192439
192448
192624
192703
192712
192749
192785
192819
192864
192925
193016
193052
193070
193247
193283
193292
193326
193353
193399
193478
193584
193645
193654
193900
193946
193973
194028
194091
194116
194161
194222
194240
194310
194392
194569
194578
194657
194666
194693
194736
194824
194958
195003
195030
195058
195128
195164
195173
195191
195216
195234
195243
195304
195322
195438
195474
195526
195544
195720
195809
195988
196006
196015
196024
196033
196042
196051
196060
196079
196088
196097
196103
196112
196121
196130
196149
196158
196167
196176
196185
196194
196200
196219
196237
196246
196264
196291
196413
196431
196565
196583
196592
196653
196699
196866
197018
197027
197045
197133
197142
197197
197221
197230
197294
197601
197610
197647
197674
197708
197735
197814
197850
197869
197887
197911
197966
197984
197993
198011
198039
198066
198084
198109
198118
198136
198154
198206
198215
198233
198251
198260
198303
198321
198330
198367
198376
198385
198419
198455
198464
198491
198507
198516
198534
198543
198552
198561
198570
198598
198613
198622
198640
198668
198677
198695
198710
198729
198756
198774
198808
198817
198835
198862
198871
198899
198905
198914
198923
198950
198969
198987
199023
199032
199069
199087
199102
199111
199120
199139
199148
199157
199184
199193
199209
199218
199263
199272
199281
199306
199315
199324
199333
199412
199421
199449
199458
199467
199476
199485
199494
199582
199607
199625
199634
199643
199698
199722
199731
199740
199759
199768
199786
199795
199838
199847
199856
199865
199892
199908
199926
199953
199962
199999
200004
200022
200059
200156
200192
200208
200217
200226
200253
200280
200305
200314
200332
200341
200466
200484
200527
200554
200572
200800
200846
200873
201061
201104
201177
201195
201283
201371
201432
201441
201548
201645
201654
201672
201690
201751
201821
201858
201885
201928
201946
201955
201964
201973
202046
202073
202134
202170
202222
202356
202480
202514
202523
202763
202806
202903
202912
203085
203128
203155
203331
203368
203447
203456
203465
203474
203483
203492
203517
203526
203535
203544
203580
203599
203678
203748
203757
203775
203845
203881
203960
204006
204015
204024
204176
204185
204194
204200
204255
204264
204422
204440
204468
204486
204501
204592
204617
204635
204662
204671
204680
204699
204705
204796
204802
204820
204839
204848
204857
204866
204909
204936
204945
205027
205124
205203
205443
205470
205841
205957
205966
206011
206048
206084
206279
206330
206349
206437
206446
206491
206507
206525
206589
206604
206613
206622
206695
206817
206835
206862
206914
206923
206941
206996
207041
207069
207157
207209
207236
207263
207281
207290
207306
207324
207351
207388
207397
207403
207449
207458
207500
207564
207582
207661
207670
207689
207722
207740
207847
207856
207865
207935
207971
208035
208275
208318
208390
208406
208415
208488
208646
208725
208822
209038
209056
209065
209074
209108
209241
209250
209287
209409
209506
209542
209551
209603
209612
209746
209807
209825
209922
209940
210146
210155
210234
210270
210304
210331
210401
210429
210492
210571
210605
210669
210739
210775
211024
211079
211088
211149
211158
211273
211291
211307
211343
211352
211361
211431
211440
211468
211556
211583
211608
211644
211893
211927
211981
212009
212054
212106
212115
212133
212160
212197
212452
212577
212601
212656
212674
212832
212869
212878
212911
212975
212984
213011
213020
213233
213251
213303
213321
213349
213358
213367
213376
213385
213400
213507
213525
213543
213598
213613
213659
213668
213774
213783
213826
213987
213996
214023
214041
214069
214111
214148
214157
214166
214175
214272
214379
214528
214582
214591
214625
214634
214643
214652
214670
214689
214698
214704
214713
214731
214740
214759
214768
214777
214786
214795
214801
214810
214829
214883
214971
215053
215062
215099
215105
215114
215132
215239
215266
215275
215284
215293
215309
215381
215390
215442
215585
215655
215682
215691
215743
215770
215798
215929
215947
216010
216038
216047
216278
216287
216296
216311
216339
216357
216524
216542
216551
216597
216667
216694
216764
216807
216825
216852
216931
217013
217040
217059
217156
217165
217235
217305
217402
217420
217475
217484
217493
217518
217536
217606
217615
217624
217633
217688
217712
217721
217776
217819
217837
217864
217873
217882
217891
217907
217925
217934
217961
217989
217998
218025
218061
218070
218113
218140
218229
218238
218353
218399
218414
218441
218487
218520
218539
218645
218654
218663
218672
218681
218690
218706
218724
218733
218742
218821
218830
218858
218885
218894
218919
218955
218964
218973
218991
219000
219046
219055
219082
219091
219143
219189
219198
219259
219277
219295
219347
219356
219374
219383
219408
219426
219471
219480
219505
219578
219602
219639
219709
219718
219790
219806
219824
219833
219879
219888
219949
219976
220057
220075
220181
220206
220215
220400
220464
220473
220516
220598
220604
220613
220631
220701
220710
220808
220862
220978
221014
221096
221184
221254
221351
221397
221485
221519
221643
221661
221731
221740
221759
221768
221838
221847
221856
221892
221908
221953
221971
221999
222053
222062
222105
222178
222567
222576
222822
222831
222877
222983
222992
223232
223320
223427
223463
223506
223524
223773
223816
223898
223922
224004
224110
224147
224226
224244
224271
224323
224350
224527
224545
224554
224572
224615
224642
224891
224961
225070
225201
225247
225308
225371
225399
225423
225432
225502
225511
225520
225548
225575
225627
225876
225885
226019
226091
226107
226116
226134
226152
226204
226231
226383
226408
226471
226578
226587
226806
226833
226930
227146
227182
227191
227216
227225
227243
227304
227331
227368
227377
227386
227401
227429
227526
227687
227757
227766
227845
227854
227863
227881
227924
227979
228042
228149
228158
228246
228316
228325
228343
228431
228459
228468
228486
228501
228529
228547
228608
228680
228699
228705
228723
228769
228778
228787
228796
228802
228875
228884
228981
229018
229027
229063
229115
229160
229179
229267
229319
229328
229355
229504
229540
229780
229799
229814
229832
229841
229887
230038
230047
230171
230418
230597
230603
230621
230630
230728
230737
230746
230764
230782
230807
230816
230825
230834
230852
230861
230889
230898
230913
230931
230940
230959
230995
231059
231077
231086
231095
231165
231174
231420
231536
231554
231581
231624
231651
231697
231712
231837
231873
231882
232025
232043
232052
232089
232186
232195
232256
232265
232308
232414
232423
232450
232557
232566
232575
232609
232672
232681
232706
232788
232867
232937
232946
232982
233019
233037
233116
233277
233295
233301
233310
233338
233374
233408
233426
233541
233611
233639
233648
233718
233754
233772
233897
233903
233921
233949
234030
234076
234085
234155
234164
234173
234207
234377
234669
234696
234711
234827
234845
234933
234951
234979
235024
235097
235103
235149
235167
235237
235316
235334
235343
235422
235431
235671
235699
235750
235769
236072
236133
236188
236230
236258
236328
236382
236452
236504
236513
236577
236595
236610
236638
236656
236692
236708
236753
236887
236896
236939
236948
236975
237011
237039
237057
237066
237109
237118
237136
237181
237215
237312
237330
237358
237367
237385
237525
237640
237686
237701
237792
237817
237899
237932
237950
237969
238014
238032
238078
238193
238263
238324
238333
238397
238430
238458
238476
238616
238661
238722
238759
238980
239008
239017
239071
239080
239105
239220
239248
239309
239318
239372
239390
239442
239460
239488
239503
239512
239628
239716
239743
239910
240055
240107
240116
240125
240170
240189
240198
240268
240277
240329
240338
240365
240374
240417
240426
240444
240453
240462
240471
240480
240505
240514
240596
240620
240657
240666
240693
240727
243744
243780
244190
244233
244437
244446
245625
245652
245953
246354
246813
247603
247649
247773
247834
247940
251260
260372
260947
262031
262129
363633
363712
364016
364025
366252
366261
366340
366395
366401
366465
366535
366711
367459
367839
367884
368780
368911
372958
373827
375230
375416
377111
377555
377564
380094
380359
380368
380377
381617
381945
382911
383190
383996
384254
384333
384342
384421
385619
392840
393180
395362
399212
399911
401223
403469
403478
403487
404073
404082
404426
404648
405058
405854
405872
406547
407009
408394
409315
409698
412173
412599
413617
413626
413802
414160
414708
414823
414878
414911
417327
417752
418126
418533
420325
420398
420431
420440
420538
420556
420574
420723
423652
426314
428259
428392
430795
430810
431983
432524
433174
433387
433660
434061
434414
434539
434584
434672
434751
436304
436614
436818
436827
436836
437103
437732
438151
438708
438869
439145
439190
439288
439367
439613
439701
439899
440271
440402
441070
441487
441511
441760
441900
441937
441982
442356
442523
442897
443492
444167
444219
444398
444413
444954
445188
445203
445249
445708
446048
446233
446604
446640
446677
446774
447582
447689
447953
448284
448309
448594
448752
448761
448840
448886
449506
449658
449764
449931
451398
451404
451671
451705
451857
451866
454184
454582
455114
455257
455512
455770
456959
457484
458140
460899
461032
461528
461847
462354
465812
474863
474890
476717
479956
480189
482149
482158
482228
482680
482699
483045
483124
