100654
100663
100706
100724
100751
100830
100858
100937
101435
101480
101587
101648
101693
101709
101879
101912
102049
102094
102234
102261
102270
102368
102377
102669
104151
104179
104586
105330
105589
105899
106245
106342
106397
106412
106458
106467
106546
106704
106713
107044
107071
107080
107141
107512
107558
107585
107877
107983
108092
109785
110097
110361
110404
110413
110422
110486
110495
110510
110529
110538
110547
110556
110565
110574
110583
110592
110608
110617
110635
110644
110653
110662
110671
110680
110705
110714
111188
111948
111966
112075
112084
112260
113698
114813
115409
115728
115755
117104
117140
117627
117751
117946
118693
118888
119173
120184
120254
120403
120537
120865
120883
121150
121309
121345
121691
122409
122436
122454
122597
122612
122728
122755
122931
123165
123457
123554
123572
123651
123961
125727
125763
125897
126562
126580
126614
126678
126775
126818
127060
127185
127556
127565
127741
127918
128106
128391
128498
128744
128771
129020
129215
129525
129941
130183
130226
130314
130493
130590
130697
130794
130934
130943
131098
131159
131283
131450
131469
131496
131520
132408
132471
132602
132657
132879
132903
133085
133492
133526
133553
133650
133669
133711
133809
133872
133881
133951
134079
134097
134130
134945
135726
136172
136206
136215
136330
136950
137351
137476
137546
137564
137847
137953
138275
138293
138354
138558
138716
138761
138789
138868
138947
139144
139199
139205
139250
139311
139366
139393
139630
139658
139719
139755
139764
139861
139931
139940
139959
139968
140164
140234
140447
140553
140696
140720
140818
140951
140960
140988
141060
141097
141185
141237
141264
141325
141334
141361
141486
141565
141574
141644
141981
142115
142285
142294
142328
142461
142522
143048
143118
143288
143358
144005
144050
144351
144740
144892
144962
144971
145372
145600
145619
145637
145646
145691
145725
145813
146339
146481
146612
146667
146676
146719
146825
147013
147244
147341
147660
147679
147703
147767
147776
147828
148131
148405
148487
148496
148584
148627
148654
149222
149231
149505
149514
149772
149781
150066
150136
150145
150163
150172
150400
150455
150534
150604
150668
150677
150756
150774
150941
151102
151111
151263
151290
151306
151324
151333
151342
151351
151360
151379
151388
151777
151786
151801
152080
152099
152248
152266
152318
152336
152363
152381
152390
152497
152530
152567
152600
153001
153108
153126
153144
153162
153250
153269
153278
153320
153366
153375
153384
153603
153621
153658
153825
153834
154004
154013
154095
154101
154235
154262
154350
154493
154518
154527
154590
154688
154712
154721
154749
154855
155025
155061
155070
155089
155317
155335
155414
155496
155511
155520
155627
155681
155812
155900
155937
155973
156125
156189
156213
156286
156295
156356
156365
156408
156541
156620
156745
157058
157076
157085
157100
157289
157359
157377
157386
157401
157447
157535
157757
157809
157818
157951
158477
158802
159009
159382
159391
159416
159568
159647
159656
159717
159939
159966
159993
160038
160074
160612
160621
160630
160658
160755
160904
161004
161022
161086
161165
161235
161244
161253
161299
161457
161518
161554
161563
161873
162007
162061
162283
162584
162760
162928
163046
163268
163286
163295
163338
163453
163462
163578
163851
163912
164076
164173
164216
164270
164447
164465
164580
164632
164720
164739
164924
164988
165015
165024
165060
165529
165574
165644
165662
165671
165699
165802
165820
165866
165936
166027
166391
166452
166513
166629
166656
166674
166683
166692
166948
167251
167260
167288
167358
167394
167455
167598
167729
167783
167899
167987
167996
168005
168148
168218
168227
168254
168263
168290
168342
168430
168528
168546
168591
168740
168786
169080
169248
169327
169363
169442
169716
169798
169910
169983
170037
170082
170301
170532
170639
170675
170806
170842
170967
170976
171100
171128
171137
171146
171456
171492
171571
171599
171881
172051
172264
172334
172440
172644
172699
173045
173124
173142
173160
173258
173300
173328
173452
173647
173665
173902
173920
174066
174075
174127
174233
174251
174358
174437
174491
174525
174747
174783
174792
174817
174844
174862
174899
174914
175005
175078
175272
175342
175421
175616
175856
175980
176017
176035
176044
176053
176080
176239
176318
176372
176406
176479
176628
176770
176789
176947
176965
177117
177144
177214
177339
177418
177542
177746
177968
178059
178244
178341
178369
178396
178402
178411
178420
178615
178624
179043
179159
179256
179326
179548
179557
179566
179867
179894
179946
179955
179964
180081
180106
180416
180461
180489
180522
180595
180832
180878
180984
181002
181020
181093
181127
181215
181297
181330
181394
181446
181464
181604
181738
181765
181853
182281
182290
182661
182670
182795
183026
183044
183062
183071
183080
183211
183239
183822
183910
183974
184348
184603
184612
184694
184773
184782
185129
185262
185572
185590
185679
185828
186131
186201
186283
186371
186380
186399
186432
186584
186618
186867
186876
187134
187444
187620
187648
187666
187912
187958
187967
187976
187985
187994
188003
188021
188030
188049
188146
188225
188340
188429
188526
188641
189097
189705
190044
190099
190150
190248
190372
190415
190512
190549
190558
190567
190594
190600
190637
190646
190655
190664
190691
190716
190761
190983
191205
191241
191515
191533
191649
191676
191931
192271
192323
192439
192448
192703
192749
192785
192864
192925
193292
193353
193399
193645
193654
193900
193973
194091
194161
194310
194392
194541
194569
194578
194824
194958
195003
195030
195164
195173
195191
195243
195474
195526
195544
195720
195809
196006
196033
196042
196051
196060
196079
196088
196097
196103
196112
196121
196130
196149
196158
196167
196176
196185
196194
196219
196237
196246
196291
196413
196866
197045
197133
197151
197197
197230
197708
197869
197911
197984
198066
198109
198136
198215
198303
198385
198419
198464
198507
198516
198543
198561
198598
198613
198695
198756
198835
198862
198871
198899
198950
199032
199069
199102
199111
199120
199139
199148
199157
199184
199193
199209
199218
199272
199281
199306
199315
199412
199458
199582
199607
199698
199865
199962
199999
200004
200059
200156
200217
200253
200280
200332
200572
200800
200846
201061
201104
201177
201195
201371
201432
201441
201548
201645
201654
201690
201821
201858
201885
201946
201955
201964
202046
202134
202170
202480
202514
202523
202763
202912
203128
203368
203447
203456
203465
203474
203483
203492
203517
203526
203535
203544
203580
203775
203845
204006
204015
204024
204176
204185
204194
204200
204264
204468
204501
204617
204635
204662
204671
204680
204699
204705
204796
204802
204820
204839
204848
204857
204866
204909
204936
205957
206048
206084
206349
206437
206507
206525
206589
206622
206817
206835
206941
207041
207263
207306
207324
207351
207388
207403
207458
207500
207582
207661
207722
207847
207856
207865
207971
208488
208646
208822
209056
209065
209287
209409
209506
209542
209551
209612
209807
209825
209922
210146
210331
210401
210429
210571
210669
210739
210775
211024
211088
211158
211273
211291
211352
211361
211431
211440
211468
211583
211644
211981
212009
212054
212106
212115
212133
212160
212197
212568
212601
212656
212674
212832
212911
212984
213011
213020
213233
213303
213349
213358
213367
213385
213400
213507
213543
213598
213613
213668
213774
213783
213826
213987
213996
214041
214069
214148
214166
214175
214272
214591
214625
214634
214643
214652
214670
214689
214698
214704
214713
214731
214740
214759
214768
214777
214786
214795
214801
214810
214829
215062
215099
215105
215114
215132
215266
215275
215284
215293
215309
215442
215594
215655
215691
215770
215798
215929
215947
215974
216010
216038
216278
216287
216339
216357
216524
216542
216597
216694
216764
216807
216852
216931
217013
217059
217156
217165
217402
217420
217484
217493
217536
217633
217688
217776
217819
217864
217873
217882
217907
217925
217934
217961
217998
218061
218070
218229
218238
218414
218441
218539
218645
218654
218663
218672
218681
218690
218706
218724
218733
218742
218821
218964
218973
219000
219046
219082
219091
219198
219259
219295
219347
219356
219383
219471
219578
219602
219639
219709
219718
219790
219806
219833
219879
219949
219976
220075
220181
220215
220312
220473
220516
220598
220613
220631
220710
220808
220862
220978
221014
221096
221351
221397
221519
221661
221731
221740
221759
221768
221847
221856
221892
221953
221971
221999
222178
222831
222983
223232
224004
224147
224226
224323
224527
224545
224554
225247
225399
225432
225502
225511
225548
225627
226091
226152
226231
226383
226471
226587
226833
227216
227243
227331
227368
227526
227757
227845
227863
227881
228042
228149
228246
228343
228431
228459
228468
228501
228529
228705
228723
228769
228778
228787
228796
228802
228875
228981
229018
229027
229063
229115
229160
229179
229267
229780
229814
230038
230047
230603
230728
230764
230807
230834
230852
230913
230931
230959
230995
231059
231077
231086
231165
231174
231420
231554
231581
231624
231651
231712
231837
232025
232043
232089
232186
232256
232265
232308
232423
232557
232566
232609
232672
232681
232706
232937
232982
233277
233295
233301
233338
233374
233426
233541
233611
233718
233897
233912
233921
234030
234076
234085
234155
234164
234173
234207
234827
235097
235167
235316
236133
236230
236328
236452
236577
236595
236896
236939
236948
237011
237057
237118
237136
237215
237312
237330
237358
237367
237385
237525
237640
237701
237792
237899
237932
237950
237969
238032
238078
238193
238333
238430
238458
238476
238616
238661
238980
239071
239080
239105
239318
239390
239512
239628
239743
240055
240107
240189
240268
240277
240329
240338
240365
240374
240417
240426
240444
240453
240462
240471
240480
240727
243665
243744
243780
244190
366711
377555
377564
383996
392840
409698
414878
420538
426314
433660
436818
436827
436836
442356
445692
448284
448309
448840
456959
474863
