UNITID
110486
110635
110918
111188
111920
111939
128498
128902
130004
144193
144944
145497
145646
145682
158431
158884
174075
174358
174428
174792
174862
187596
187745
188030
199494
199643
199847
199962
212832
213251
213349
213400
225247
225432
225885
226019
226134
226383
226587
240657
418126
434672
112190
130253
130606
130891
130989
131159
131876
132693
145831
146348
146667
146816
147369
147703
161022
161341
161509
175430
190053
190521
190585
190619
190655
200332
200466
200800
201283
201432
213598
213668
213783
214670
214704
214768
227304
227687
227757
228325
228459
228608
228723
229027
244233
403469
404073
405058
420398
436827
444398
451671
480198
114813
115296
134097
148256
148405
148654
149222
161873
162007
162609
162760
162779
162928
163462
176664
177083
177117
177551
177968
190770
191621
192040
192323
110510
110574
110592
111896
128258
128425
128744
129543
129729
144166
144184
144351
145637
158088
159009
159391
160010
173799
174817
187639
187903
188003
188021
188304
188340
199485
199722
199786
199953
199971
200004
200022
212975
213358
213376
225308
225575
225876
226408
226930
240480
240666
401223
434061
112446
113218
130448
130697
130916
131098
131283
132602
146205
146506
147378
147660
147828
160481
160913
161299
161581
175236
175421
175786
176071
176239
176372
190044
190512
190530
190594
200086
200253
200554
200572
213507
213525
213543
213826
214111
214175
214379
214643
227429
227979
228316
228501
228802
228884
243823
403478
404082
420325
420440
477950
480189
114789
134510
135160
148496
148849
149231
149514
149532
150136
161767
162168
162654
163204
163286
163453
176789
177676
190761
110334
110468
110583
110617
110653
111638
111887
129020
129686
144175
144209
144962
159568
159717
160038
173708
173993
174127
174376
174491
174525
174844
187444
187897
187912
188182
188429
199476
199795
212197
213233
213367
225399
225414
225548
226116
226152
240505
399911
434539
112172
113193
130590
130624
130907
145813
146366
146481
146685
147536
160621
160755
160904
161004
161138
161208
161457
161572
175078
175227
175263
175829
175980
176080
189282
190169
190503
190637
200280
200314
214069
214652
227386
227854
227924
228158
228875
403487
444167
451370
480499
132879
133881
148487
148672
148821
148991
149842
162210
163046
163295
163578
176965
177065
177135
177250
177418
190752
190956
191339
192192
202903
203456
214786
214971
215105
215239
215390
229160
229328
230047
230630
230764
230898
230913
246789
110662
111434
111966
128771
129941
143613
144281
144883
144892
145619
158662
159966
173638
173902
174136
174206
174604
174738
187967
187976
188678
199467
199731
199740
199865
199908
199999
212133
212601
212869
212878
213303
225201
225371
226107
226471
227182
227216
227243
240620
418533
434016
434584
443340
112561
112570
113236
114433
130943
131113
131520
146296
146719
146755
147396
147800
160959
161563
174899
175272
175342
175810
175935
176008
176035
176044
176169
176178
189705
189839
189848
190114
190150
190248
200208
200846
201371
201548
214148
214582
227377
227845
228343
228486
228547
228981
444778
451398
451857
451866
115001
116439
132851
133085
133492
133526
133553
133951
133960
134130
148627
149329
149727
149772
150163
150172
162061
162104
162706
176910
177144
177214
177339
177746
177816
190673
110608
110644
111461
111948
128106
128391
128577
129242
129695
144050
144218
144971
145336
145372
145521
145707
159993
173647
173665
174066
174233
174251
174570
187620
188137
188438
188641
199838
199856
212656
212674
212805
224891
225423
226091
226578
227146
240514
434414
113333
113634
130314
130396
131399
131450
132471
146339
146676
146825
147244
147411
147679
147776
160579
160612
160630
161165
161484
175519
175856
176406
189273
190628
190646
190664
200156
200305
200873
201441
213659
213774
214041
214528
214713
214777
227331
227863
227881
228149
228431
228699
229018
404648
436304
436818
436836
437103
459417
478634
479956
114938
115755
115773
132903
133021
133872
134343
134608
148380
149365
150066
162283
162584
163338
177542
177977
177995
178059
191649
191764
191931
201928
202763
203128
203331
214795
214810
110370
110413
110495
110538
110556
111081
129154
129215
129808
130040
144005
145691
158352
158477
158802
159656
160074
173735
174507
187532
188100
188225
188261
188854
189097
199582
199607
199625
199768
212911
213011
224961
225511
226204
226833
240462
434751
434937
476692
476717
112260
112385
113096
130226
130776
130794
131469
146427
147013
147767
160524
160649
160667
161192
161217
161235
161253
174914
175157
175643
176318
176336
176354
189422
189547
190372
190415
190451
190558
201061
201104
201654
201672
201690
214272
214740
227401
227526
228680
228705
228769
228787
372958
375230
115393
115861
132709
133702
133809
134495
134945
135063
135081
135188
148131
148292
148335
149639
161864
162557
163268
163532
163657
176479
176947
177472
177940
190840
190983
191083
191126
191612
191676
191719
192448
202222
110246
110671
110680
110705
110714
128328
129525
129534
144740
144865
159382
159407
159416
159939
159948
173911
173920
174020
174747
174756
174783
187958
187985
187994
188049
188058
188526
188687
199892
199926
212160
213321
213385
227191
227225
240693
240727
368911
443492
112075
112084
112686
113111
113856
130493
130934
132408
146278
146603
146612
147341
147916
160409
160977
161077
161086
161518
161545
161554
175315
175883
176017
176053
189264
189857
190600
200192
200217
200226
213987
213996
214023
214157
214166
214591
214625
214634
214689
214698
214759
227368
227766
228468
228529
229063
243744
243780
244437
244446
373827
444219
451705
459727
115083
115126
115728
132842
133508
133669
148007
148016
148584
149781
150145
161688
162122
162690
163426
176628
190691
190725
191302
191968
201821
203483
203526
203544
214801
214883
229355
229780
229841
230816
230834
230852
230959
245953
375416
406200
444954
445708
480754
102632
104179
119137
119605
120166
121309
121345
137078
137096
152318
152336
152822
153472
153533
166133
166601
166683
167251
167312
167376
167394
179894
179919
179955
180212
180373
180948
195438
195720
205841
205966
206002
206084
206491
206695
216287
216694
217305
230995
231059
231077
231095
231420
232195
232256
232681
232706
439288
446233
446394
454582
100760
117140
117247
117690
117715
117733
117751
118912
118930
135717
151786
164872
165529
178208
178615
179326
179344
192712
193016
193380
193584
194091
194116
204194
204255
204662
204680
204705
204848
217873
217891
217934
217998
218441
218645
232788
232867
233310
233374
233903
234085
262086
262129
382911
409315
428392
439899
455114
455257
191515
191533
191597
191630
192165
201858
202912
203447
203465
203580
214829
215062
215798
215947
216047
229319
229887
230038
230737
247603
481058
481225
102553
104425
104708
119216
120184
120537
120838
136950
137032
137281
152390
153108
153126
153144
153311
153375
166629
166647
166948
179715
180151
180416
180902
180984
181002
181020
194824
195173
195191
195474
195809
205470
206437
216551
216852
217402
217420
217484
231174
231624
231873
232609
408394
423652
439145
117894
118347
136145
150400
150604
150668
163921
164739
164775
165194
165644
165662
178244
178411
178679
178697
179265
179548
179566
192819
193052
193070
193973
203748
204015
204501
204802
204866
217688
217819
217837
218070
218238
218487
218520
218706
218724
218955
218973
218991
219055
232946
233277
233295
233949
234164
381617
383190
439613
101435
101453
101499
190716
191241
191986
192022
201946
201973
202046
202073
202480
202514
202648
215275
215284
215309
215743
229115
229179
230728
245625
405872
438151
460783
104346
120290
120883
137272
152637
153214
166407
166850
166911
166984
179645
180054
180081
180179
180522
180647
181215
194392
195030
195128
195164
195289
205124
206349
216311
217013
217156
232089
232423
232557
232566
247940
377555
380368
446048
461315
100663
116846
117575
118684
118718
118888
135364
135391
136400
150774
151333
151342
151801
151810
163976
164076
164580
165112
165671
178341
178448
179043
192749
193247
193283
193292
203845
204422
204486
204820
204945
217615
217624
218885
218894
218919
260372
428259
446677
101161
101295
101897
102067
121619
122755
122889
123457
138840
138901
139010
139199
154350
154952
155052
167677
168254
168281
168290
168847
168883
181783
215114
215381
215682
229267
230171
230603
230621
230807
230889
230940
247834
420574
102669
104160
104577
105145
119067
120254
120403
120421
120953
120971
121257
137315
137351
152673
152992
153241
153278
153445
166027
166513
179867
180249
194189
194222
194240
194657
194675
194958
195058
195243
195526
195544
205203
206154
206507
206589
206604
206622
216667
217235
217518
217536
232025
232043
232308
232575
251260
438708
446163
454184
461236
481410
100751
117195
117627
117645
117946
136330
150534
150987
151102
151306
151388
164155
164173
164492
164924
165024
178396
192703
192785
193353
193654
203599
203881
204200
204264
204468
204617
204635
204699
204936
217721
217989
218089
218353
218539
218654
218672
218690
218821
218858
233648
233897
234030
446613
447582
455770
482228
101301
101569
101602
102270
121707
122375
201955
201964
202523
203368
215132
215266
215293
215770
215929
229504
229540
229799
245652
245777
246354
246813
247649
405854
420723
480985
103787
119331
120342
120865
121044
136516
151962
152530
153162
153296
153366
153621
153630
165866
166391
180106
180197
180595
181297
194310
194569
194578
195003
216597
216931
217040
217165
231712
231837
232414
380377
460899
100654
117557
118693
150756
151290
151324
151351
151360
163851
164562
165264
178891
179159
193399
217606
217633
218140
218399
218733
218742
219046
232982
233116
233541
233611
233718
234377
409698
426314
101286
101949
102049
102058
121901
122180
122205
122339
122612
122746
123280
123341
123484
123509
137847
138558
138956
153825
153834
154059
154493
154527
154800
154925
154934
155025
155061
155070
167729
168263
168740
168838
169442
181376
181640
181765
182980
183044
197018
206835
201751
201885
202134
202170
203155
203474
215053
215655
215691
216038
230597
230746
230782
230931
406547
102711
104151
121363
137209
152266
152381
152600
152798
153302
165802
165936
166489
166638
166823
166887
166957
167057
180276
180461
180878
181093
181127
194763
195216
206048
206446
216357
216542
216825
217059
217493
231165
231882
232052
232186
232450
438869
439367
100690
100724
100858
117104
117168
118772
118976
135939
136473
150677
151111
151379
164313
164447
164632
165015
165334
178387
178402
178721
179308
179557
192925
192961
193061
193478
193946
203757
204006
204176
204440
205027
217712
217776
217961
218061
218229
218414
218663
232937
233037
233356
233639
233754
234173
234207
260947
381945
439701
440271
446604
446640
446774
461795
101073
101143
101541
101675
101709
101879
101994
102094
102313
102377
437732
445203
460075
460394
480967
102580
102614
104586
105154
119173
136774
137476
152080
152099
152248
152567
153001
153250
153269
153320
153384
153603
165820
165884
166018
166054
166452
166656
166939
167288
167358
180160
180258
180692
194666
195234
195702
205443
206011
206279
206330
206613
216339
216524
216807
231581
231651
377564
380359
461528
481401
100706
117052
117788
118541
136172
136206
151263
163912
164216
164465
164614
164748
164933
165033
165167
178369
178420
179256
179539
192624
193326
193645
194028
203775
204024
204592
204909
218113
218681
218830
218964
219000
233019
233338
233772
233921
234155
262031
262165
455512
461847
101240
101693
101912
102076
102261
102429
123217
137759
138293
138761
139144
139278
139463
153737
154590
154688
154837
154907
155007
167792
168528
169479
181330
181394
182281
182500
461759
482158
101028
101189
101471
101514
102368
122506
122931
123013
123299
137546
137564
138600
138682
138789
138868
139250
139357
139393
153658
153922
154101
167905
167987
168005
168148
168430
168591
169248
181491
181534
182634
182670
182795
195988
196006
196024
196088
196149
196431
196592
196699
197142
207263
207388
207670
207856
208406
219277
219295
219602
219806
219888
220181
220206
220613
234696
235103
235671
235750
236382
364016
384254
385619
412173
413802
429128
107512
107637
108852
126182
126207
126289
126614
126775
126818
127200
127918
141565
141990
142090
142115
142276
142294
157216
157377
157809
171881
172617
172635
172699
173142
173160
173203
173328
185828
186371
187046
199032
199139
199157
209074
209542
209603
210146
210571
220631
221485
221892
221953
222053
222178
236975
237011
237118
237136
237686
238397
441982
101736
121691
122409
122728
122791
122977
137953
138354
139153
153861
154129
154262
154697
154712
154998
167534
167598
167783
181419
181738
182005
182306
196042
196060
196246
196413
197045
206923
206941
207041
207209
207306
207324
219091
219259
219356
219374
219709
219824
235149
235167
236504
236753
236939
440396
448284
456490
482680
107619
126872
127389
141325
141361
141644
141811
142179
143048
143215
156851
157438
172963
173063
184995
186131
186399
186432
186618
186867
186900
198950
199218
199421
208646
209746
210331
220710
220978
221014
221096
221731
221999
237039
237057
237358
237525
237640
238193
366395
388520
414878
441900
448752
457226
474906
483212
483984
105330
105747
106148
106397
106883
123527
123563
124113
125499
139621
139940
141158
155098
155566
155715
156620
169974
170037
170055
170091
170541
170806
170842
122384
137777
138275
138947
139311
154004
154572
154721
154855
167455
167525
168227
168342
169080
169327
169363
181312
181446
196103
196167
196237
206914
207050
207582
207935
208035
208318
219082
219718
219833
235024
235343
236230
236328
236513
236896
363712
456481
482936
107327
107725
126562
126711
127732
141334
141802
157331
157748
157863
172671
172954
173124
173258
185590
185873
199111
199209
208488
208822
209056
209807
209922
210492
220701
221254
221856
221971
222105
237066
237181
237215
237330
237817
237932
238032
366003
366252
366401
366535
431983
441609
441760
448761
449348
457402
105589
106306
106625
123554
139630
139764
140164
140234
140951
141185
155089
155140
155308
155593
156125
156408
170082
170550
170967
171535
183099
183150
184603
184773
198039
198109
198507
198543
198677
210775
211158
211343
181817
196121
196130
196200
196264
196291
196866
197027
206817
206862
206996
207564
207689
220057
220464
220598
234827
235097
235431
235699
236072
236133
236610
236708
413617
413626
440402
441070
483018
107983
108092
109651
109785
109819
110060
126942
127778
141680
141839
142443
143084
143118
143279
143288
156790
157058
157483
157951
172200
172264
172291
172334
173300
173461
173559
185536
199263
199272
199306
199333
208725
210270
210304
210429
221661
221759
221768
237312
237969
238014
238078
414160
414823
106245
106713
123800
125170
125763
125897
140012
140678
155177
155186
155511
155520
156213
156356
169983
169992
170587
171128
171155
171298
183062
183655
184791
197993
198136
198561
198570
198640
198695
198729
198899
211431
211440
211608
222831
223463
223506
224110
224642
238616
238980
239248
239309
239318
239716
239743
207069
207403
207971
219471
219480
219505
219578
219639
220473
220516
234711
234845
234979
235422
236258
236692
363633
383996
384421
412599
107840
107974
108667
109208
127060
127185
127617
127653
141264
142461
142559
157076
157401
157535
172307
172918
173045
173452
185509
186186
186645
199281
199315
199324
199449
199458
209241
209250
209409
221184
221643
237385
238430
441511
448840
475237
105525
105668
106704
106795
123952
139658
139719
140553
140696
141255
155104
155195
155627
155636
156231
156295
156338
156365
169910
170301
170444
171137
171146
171571
183071
183080
183105
183114
183239
183248
184180
184205
184348
184782
197911
198011
198118
198154
198613
198622
198747
198756
211024
211079
211088
211149
211556
211583
211981
212115
222822
223524
223922
224226
240125
240170
240268
240329
367884
395362
442356
442781
182564
182917
196051
196185
196219
196653
197036
197221
207281
207351
207449
207500
219198
219347
219383
219949
220400
220604
236595
236948
384333
430795
430810
448309
107460
107558
107743
107877
107992
126076
126580
126678
126863
127565
127714
141486
142522
143358
156745
156860
157030
157447
172051
185572
186876
199193
199412
209038
209287
209506
209825
209940
221740
221838
221908
237367
237701
237899
237950
238333
392840
448594
457484
475185
483522
106458
107141
124487
125091
125727
139931
140331
140599
140818
141167
141237
155292
155858
156107
156392
169798
170532
171100
171234
171483
183132
183600
197674
197708
198206
198376
198491
198710
198774
198808
211361
211644
211927
222576
223427
224244
239071
239105
239220
239488
239503
240107
417327
442897
449764
485111
171492
183123
183141
183859
183877
183910
197814
197850
198367
198385
198668
198817
198835
211468
212054
222567
223117
224004
224271
224554
224572
238458
238476
238661
239080
239512
240116
240198
240365
449506
475477
222877
222992
224147
224545
224615
239372
240055
240189
240338
240374
367839
433387
449931
484844
485078
485263
457697
474863
105297
106412
106980
107044
107080
124292
125028
125471
139700
139861
139968
139986
140243
140447
140872
141097
155201
155487
155812
155830
155937
155973
156541
156648
169716
170620
171395
171456
171599
183938
183974
184481
197610
197692
197735
198260
198303
198321
198464
198871
198914
210739
211307
211893
223232
224350
238722
239008
239390
240426
240444
399212
449870
458140
484473
484905
240277
367459
449658
485458
443049
443058
122658
138187
139205
139287
153977
154013
154095
154110
154378
154396
154749
167631
167899
168218
168786
169521
181303
181604
181853
182290
182458
182908
183026
196079
196112
196176
196194
197197
197230
207157
207290
207458
208275
219189
219408
219426
219790
219976
220075
220312
234933
234951
235316
235334
235769
236188
236638
236656
236887
384342
483045
107318
107549
107585
107600
109907
126119
126669
127556
127741
141796
142328
156921
157085
157289
157304
157386
157553
157739
157757
172644
173115
173416
185129
185262
186034
186201
186283
186469
186584
187134
198969
199069
199087
199102
199120
199184
209612
210234
210401
220862
221397
221847
237792
238324
366261
414708
414911
448886
456959
474890
105428
106449
106999
123961
139755
140942
140960
141060
155317
155399
155414
155450
155618
155681
155900
156082
156286
156417
170240
170639
170657
170675
170790
170976
171225
183257
183275
183743
184612
184694
197647
197966
197984
198066
198084
198215
198233
198251
198516
198534
198552
210669
211352
212106
222983
223320
224323
238759
239628
240417
366711
417734
417752
432524
433660
458113
475608
110361
110404
110422
110529
110547
110565
129367
129756
129774
144157
144564
145600
145725
159647
160065
173805
174437
174473
187648
187666
188216
189088
199634
199698
199759
200059
212452
212577
212984
213020
225070
225502
225520
225627
226231
226806
240453
240471
240596
368780
476601
112826
113537
113573
113698
113980
114266
130217
131496
132657
146418
146472
147004
147129
160658
161226
161244
175005
175041
175573
175616
175652
189413
190099
190442
190549
190567
200341
200484
200527
201177
201195
201645
213613
214731
228042
228246
228778
228796
244190
404426
420431
420538
436614
444413
451404
114716
114859
115409
133386
133650
133711
133979
134079
148876
148937
149505
150048
176770
177038
191199
192110
192439
202356
202806
203085
203492
203517
203535
215099
215442
215585
215628
216010
229814
229832
230418
230825
230861
247773
376950
377111
407009
420556
445188
445249
460464
103945
105206
119164
121150
152363
153524
165981
166124
166674
166692
167260
179946
179964
180203
180328
180489
180814
180832
194161
194611
194693
194718
194736
195304
195322
205957
206525
216278
216296
216764
217475
231086
231536
231554
231697
232265
232672
380094
439190
461032
481438
100830
100937
117274
117706
117724
117867
135726
136215
136233
136358
150455
150941
151777
164270
164720
164988
165574
165699
178217
178624
192864
193900
203678
203960
204185
204671
204796
204839
204857
217864
217882
217907
217925
218025
233301
233408
233426
234076
234137
234669
462354
465812
482149
101462
101480
101505
101587
101648
102030
102234
102298
121886
122436
122454
122597
123165
137962
138691
138716
139366
139384
154174
154235
154642
167835
167996
168421
168546
168607
169275
181464
181543
196015
196033
196097
196158
196440
196565
196583
197133
197294
207236
207397
207661
207722
207740
207847
207865
208390
208415
219143
219879
220215
235237
236452
236577
364025
440794
447689
447953
482699
483124
107521
107664
108807
109350
110097
126748
127820
127884
127909
141574
141981
142285
157100
157632
157711
157818
172033
172440
186380
187198
198923
198987
199023
199148
209065
209108
209533
209551
210155
210605
220808
221351
221519
222062
237109
238263
366340
366465
393180
441487
441937
483285
105349
105367
105792
105899
106342
106467
106485
106810
107071
123572
123651
125462
139959
139995
140252
140720
140988
141006
155210
155335
155496
156189
170000
170286
171304
183211
183822
197601
197744
197869
197887
198330
198419
198455
198598
198862
198905
211273
211291
212009
223773
223816
223898
224527
239017
239442
239460
239910
433174
442523
475422
475565
484871
484932
